379.17	0.09
379.22	0.09
379.26	0.09
379.31	0.1
379.36	0.1
379.41	0.1
379.46	0.09
379.5	0.09
379.55	0.1
379.6	0.1
379.65	0.09
379.69	0.09
379.74	0.1
379.79	0.1
379.84	0.09
379.88	0.09
379.93	0.1
379.98	0.1
380.03	0.1
380.08	0.09
380.12	0.09
380.17	0.1
380.22	0.1
380.27	0.09
380.31	0.09
380.36	0.1
380.41	0.1
380.46	0.09
380.5	0.09
380.55	0.1
380.6	0.1
380.65	0.09
380.69	0.09
380.74	0.1
380.79	0.1
380.84	0.1
380.89	0.09
380.93	0.09
380.98	0.1
381.03	0.1
381.08	0.09
381.12	0.09
381.17	0.1
381.22	0.1
381.27	0.09
381.31	0.09
381.36	0.1
381.41	0.1
381.46	0.09
381.5	0.09
381.55	0.1
381.6	0.1
381.65	0.09
381.69	0.09
381.74	0.1
381.79	0.1
381.84	0.09
381.88	0.09
381.93	0.1
381.98	0.1
382.03	0.09
382.07	0.09
382.12	0.1
382.17	0.09
382.21	0.09
382.26	0.1
382.31	0.1
382.36	0.09
382.4	0.09
382.45	0.1
382.5	0.1
382.55	0.09
382.59	0.09
382.64	0.1
382.69	0.1
382.74	0.09
382.78	0.09
382.83	0.1
382.88	0.1
382.93	0.09
382.97	0.09
383.02	0.1
383.07	0.09
383.11	0.09
383.16	0.1
383.21	0.1
383.26	0.09
383.3	0.09
383.35	0.1
383.4	0.1
383.45	0.09
383.49	0.09
383.54	0.1
383.59	0.09
383.63	0.09
383.68	0.1
383.73	0.1
383.78	0.09
383.82	0.09
383.87	0.1
383.92	0.09
383.96	0.09
384.01	0.1
384.06	0.1
384.11	0.09
384.15	0.09
384.2	0.1
384.25	0.09
384.29	0.09
384.34	0.1
384.39	0.1
384.44	0.09
384.48	0.09
384.53	0.1
384.58	0.09
384.62	0.09
384.67	0.1
384.72	0.1
384.77	0.09
384.81	0.09
384.86	0.1
384.91	0.09
384.95	0.09
385	0.1
385.05	0.1
385.1	0.09
385.14	0.09
385.19	0.1
385.24	0.09
385.28	0.09
385.33	0.1
385.38	0.09
385.42	0.09
385.47	0.1
385.52	0.1
385.57	0.09
385.61	0.09
385.66	0.1
385.71	0.09
385.75	0.09
385.8	0.1
385.85	0.09
385.89	0.09
385.94	0.1
385.99	0.1
386.04	0.09
386.08	0.09
386.13	0.1
386.18	0.09
386.22	0.09
386.27	0.1
386.32	0.09
386.36	0.09
386.41	0.1
386.46	0.09
386.5	0.09
386.55	0.1
386.6	0.09
386.64	0.09
386.69	0.1
386.74	0.1
386.79	0.09
386.83	0.09
386.88	0.1
386.93	0.09
386.97	0.09
387.02	0.1
387.07	0.09
387.11	0.09
387.16	0.1
387.21	0.09
387.25	0.09
387.3	0.1
387.35	0.09
387.39	0.09
387.44	0.1
387.49	0.09
387.53	0.09
387.58	0.1
387.63	0.09
387.67	0.09
387.72	0.1
387.77	0.09
387.81	0.09
387.86	0.1
387.91	0.09
387.95	0.09
388	0.1
388.05	0.09
388.09	0.09
388.14	0.1
388.19	0.09
388.23	0.09
388.28	0.1
388.33	0.09
388.37	0.09
388.42	0.1
388.47	0.09
388.51	0.09
388.56	0.1
388.61	0.09
388.65	0.09
388.7	0.1
388.75	0.09
388.79	0.09
388.84	0.1
388.89	0.09
388.93	0.09
388.98	0.1
389.03	0.09
389.07	0.09
389.12	0.1
389.17	0.09
389.21	0.09
389.26	0.1
389.31	0.09
389.35	0.09
389.4	0.1
389.45	0.09
389.49	0.09
389.54	0.1
389.59	0.09
389.63	0.09
389.68	0.09
389.72	0.09
389.77	0.1
389.82	0.09
389.86	0.09
389.91	0.1
389.96	0.09
390	0.09
390.05	0.1
390.1	0.09
390.14	0.09
390.19	0.1
390.24	0.09
390.28	0.09
390.33	0.09
390.37	0.09
390.42	0.1
390.47	0.09
390.51	0.09
390.56	0.1
390.61	0.09
390.65	0.09
390.7	0.1
390.75	0.09
390.79	0.09
390.84	0.09
390.88	0.09
390.93	0.1
390.98	0.09
391.02	0.09
391.07	0.1
391.12	0.09
391.16	0.09
391.21	0.09
391.25	0.09
391.3	0.1
391.35	0.09
391.39	0.09
391.44	0.1
391.49	0.09
391.53	0.09
391.58	0.09
391.62	0.09
391.67	0.1
391.72	0.09
391.76	0.09
391.81	0.1
391.86	0.09
391.9	0.09
391.95	0.09
391.99	0.09
392.04	0.1
392.09	0.09
392.13	0.09
392.18	0.1
392.23	0.09
392.27	0.09
392.32	0.09
392.36	0.09
392.41	0.1
392.46	0.09
392.5	0.09
392.55	0.09
392.59	0.09
392.64	0.1
392.69	0.09
392.73	0.09
392.78	0.09
392.82	0.09
392.87	0.1
392.92	0.09
392.96	0.09
393.01	0.1
393.06	0.09
393.1	0.09
393.15	0.09
393.19	0.09
393.24	0.1
393.29	0.09
393.33	0.09
393.38	0.09
393.42	0.09
393.47	0.1
393.52	0.09
393.56	0.09
393.61	0.09
393.65	0.09
393.7	0.1
393.75	0.09
393.79	0.09
393.84	0.09
393.88	0.09
393.93	0.09
393.97	0.09
394.02	0.1
394.07	0.09
394.11	0.09
394.16	0.09
394.2	0.09
394.25	0.1
394.3	0.09
394.34	0.09
394.39	0.09
394.43	0.09
394.48	0.1
394.53	0.09
394.57	0.09
394.62	0.09
394.66	0.09
394.71	0.1
394.76	0.09
394.8	0.09
394.85	0.09
394.89	0.09
394.94	0.09
394.98	0.09
395.03	0.1
395.08	0.09
395.12	0.09
395.17	0.09
395.21	0.09
395.26	0.09
395.3	0.09
395.35	0.1
395.4	0.09
395.44	0.09
395.49	0.09
395.53	0.09
395.58	0.09
395.62	0.09
395.67	0.1
395.72	0.09
395.76	0.09
395.81	0.09
395.85	0.09
395.9	0.09
395.94	0.09
395.99	0.1
396.04	0.09
396.08	0.09
396.13	0.09
396.17	0.09
396.22	0.09
396.26	0.09
396.31	0.1
396.36	0.09
396.4	0.09
396.45	0.09
396.49	0.09
396.54	0.09
396.58	0.09
396.63	0.09
396.67	0.09
396.72	0.1
396.77	0.09
396.81	0.09
396.86	0.09
396.9	0.09
396.95	0.09
396.99	0.09
397.04	0.09
397.08	0.09
397.13	0.1
397.18	0.09
397.22	0.09
397.27	0.09
397.31	0.09
397.36	0.09
397.4	0.09
397.45	0.09
397.49	0.09
397.54	0.1
397.59	0.09
397.63	0.09
397.68	0.09
397.72	0.09
397.77	0.09
397.81	0.09
397.86	0.09
397.9	0.09
397.95	0.09
397.99	0.09
398.04	0.1
398.09	0.09
398.13	0.09
398.18	0.09
398.22	0.09
398.27	0.09
398.31	0.09
398.36	0.09
398.4	0.09
398.45	0.09
398.49	0.09
398.54	0.09
398.58	0.09
398.63	0.1
398.68	0.09
398.72	0.09
398.77	0.09
398.81	0.09
398.86	0.09
398.9	0.09
398.95	0.09
398.99	0.09
399.04	0.09
399.08	0.09
399.13	0.09
399.17	0.09
399.22	0.09
399.26	0.09
399.31	0.09
399.35	0.09
399.4	0.09
399.44	0.09
399.49	0.1
399.54	0.09
399.58	0.09
399.63	0.09
399.67	0.09
399.72	0.09
399.76	0.09
399.81	0.09
399.85	0.09
399.9	0.09
399.94	0.09
399.99	0.09
400.03	0.09
400.08	0.09
400.12	0.09
400.17	0.09
400.21	0.09
400.26	0.09
400.3	0.09
400.35	0.09
400.39	0.09
400.44	0.09
400.48	0.09
400.53	0.09
400.57	0.09
400.62	0.09
400.66	0.09
400.71	0.09
400.75	0.09
400.8	0.09
400.84	0.09
400.89	0.09
400.93	0.09
400.98	0.09
401.02	0.09
401.07	0.09
401.11	0.09
401.16	0.09
401.2	0.09
401.25	0.09
401.29	0.09
401.34	0.09
401.38	0.09
401.43	0.09
401.47	0.09
401.52	0.09
401.56	0.09
401.61	0.09
401.65	0.09
401.7	0.09
401.74	0.09
401.79	0.09
401.83	0.09
401.88	0.09
401.92	0.09
401.97	0.09
402.01	0.09
402.06	0.09
402.1	0.09
402.15	0.09
402.19	0.09
402.24	0.09
402.28	0.09
402.33	0.09
402.37	0.09
402.42	0.09
402.46	0.09
402.51	0.09
402.55	0.09
402.6	0.09
402.64	0.09
402.69	0.09
402.73	0.09
402.78	0.09
402.82	0.09
402.87	0.09
402.91	0.09
402.96	0.09
403	0.09
403.05	0.09
403.09	0.08
403.13	0.09
403.18	0.09
403.22	0.09
403.27	0.09
403.31	0.09
403.36	0.09
403.4	0.09
403.45	0.09
403.49	0.09
403.54	0.09
403.58	0.09
403.63	0.09
403.67	0.09
403.72	0.09
403.76	0.09
403.81	0.09
403.85	0.08
403.89	0.09
403.94	0.09
403.98	0.09
404.03	0.09
404.07	0.09
404.12	0.09
404.16	0.09
404.21	0.09
404.25	0.09
404.3	0.09
404.34	0.09
404.39	0.09
404.43	0.08
404.47	0.09
404.52	0.09
404.56	0.09
404.61	0.09
404.65	0.09
404.7	0.09
404.74	0.09
404.79	0.09
404.83	0.09
404.88	0.09
404.92	0.09
404.97	0.09
405.01	0.08
405.05	0.09
405.1	0.09
405.14	0.09
405.19	0.09
405.23	0.09
405.28	0.09
405.32	0.09
405.37	0.09
405.41	0.08
405.45	0.09
405.5	0.09
405.54	0.09
405.59	0.09
405.63	0.09
405.68	0.09
405.72	0.09
405.77	0.09
405.81	0.08
405.85	0.09
405.9	0.09
405.94	0.09
405.99	0.09
406.03	0.09
406.08	0.09
406.12	0.09
406.17	0.09
406.21	0.08
406.25	0.09
406.3	0.09
406.34	0.09
406.39	0.09
406.43	0.09
406.48	0.09
406.52	0.08
406.56	0.09
406.61	0.09
406.65	0.09
406.7	0.09
406.74	0.09
406.79	0.09
406.83	0.08
406.87	0.09
406.92	0.09
406.96	0.09
407.01	0.09
407.05	0.09
407.1	0.09
407.14	0.08
407.18	0.09
407.23	0.09
407.27	0.09
407.32	0.09
407.36	0.08
407.4	0.09
407.45	0.09
407.49	0.09
407.54	0.09
407.58	0.09
407.63	0.09
407.67	0.08
407.71	0.09
407.76	0.09
407.8	0.09
407.85	0.09
407.89	0.09
407.94	0.09
407.98	0.08
408.02	0.09
408.07	0.09
408.11	0.09
408.16	0.09
408.2	0.08
408.24	0.09
408.29	0.09
408.33	0.09
408.38	0.09
408.42	0.08
408.46	0.09
408.51	0.09
408.55	0.09
408.6	0.09
408.64	0.08
408.68	0.09
408.73	0.09
408.77	0.09
408.82	0.09
408.86	0.08
408.9	0.09
408.95	0.09
408.99	0.09
409.04	0.09
409.08	0.08
409.12	0.09
409.17	0.09
409.21	0.09
409.26	0.09
409.3	0.08
409.34	0.09
409.39	0.09
409.43	0.09
409.48	0.09
409.52	0.08
409.56	0.09
409.61	0.09
409.65	0.09
409.7	0.09
409.74	0.08
409.78	0.09
409.83	0.09
409.87	0.09
409.92	0.09
409.96	0.08
410	0.09
410.05	0.09
410.09	0.08
410.13	0.09
410.18	0.09
410.22	0.09
410.27	0.09
410.31	0.08
410.35	0.09
410.4	0.09
410.44	0.09
410.49	0.09
410.53	0.08
410.57	0.09
410.62	0.09
410.66	0.08
410.7	0.09
410.75	0.09
410.79	0.09
410.84	0.09
410.88	0.08
410.92	0.09
410.97	0.09
411.01	0.08
411.05	0.09
411.1	0.09
411.14	0.09
411.19	0.09
411.23	0.08
411.27	0.09
411.32	0.09
411.36	0.08
411.4	0.09
411.45	0.09
411.49	0.08
411.53	0.09
411.58	0.09
411.62	0.09
411.67	0.09
411.71	0.08
411.75	0.09
411.8	0.09
411.84	0.08
411.88	0.09
411.93	0.09
411.97	0.08
412.01	0.09
412.06	0.09
412.1	0.09
412.15	0.09
412.19	0.08
412.23	0.09
412.28	0.09
412.32	0.08
412.36	0.09
412.41	0.09
412.45	0.08
412.49	0.09
412.54	0.09
412.58	0.08
412.62	0.09
412.67	0.09
412.71	0.08
412.75	0.09
412.8	0.09
412.84	0.09
412.89	0.09
412.93	0.08
412.97	0.09
413.02	0.09
413.06	0.08
413.1	0.09
413.15	0.09
413.19	0.08
413.23	0.09
413.28	0.09
413.32	0.08
413.36	0.09
413.41	0.09
413.45	0.08
413.49	0.09
413.54	0.09
413.58	0.08
413.62	0.09
413.67	0.09
413.71	0.08
413.75	0.09
413.8	0.09
413.84	0.08
413.88	0.09
413.93	0.09
413.97	0.08
414.01	0.09
414.06	0.09
414.1	0.08
414.14	0.09
414.19	0.09
414.23	0.08
414.27	0.09
414.32	0.09
414.36	0.08
414.4	0.09
414.45	0.09
414.49	0.08
414.53	0.09
414.58	0.09
414.62	0.08
414.66	0.09
414.71	0.09
414.75	0.08
414.79	0.09
414.84	0.09
414.88	0.08
414.92	0.09
414.97	0.09
415.01	0.08
415.05	0.09
415.1	0.09
415.14	0.08
415.18	0.09
415.23	0.09
415.27	0.08
415.31	0.08
415.35	0.09
415.4	0.09
415.44	0.08
415.48	0.09
415.53	0.09
415.57	0.08
415.61	0.09
415.66	0.09
415.7	0.08
415.74	0.09
415.79	0.09
415.83	0.08
415.87	0.09
415.92	0.09
415.96	0.08
416	0.08
416.04	0.09
416.09	0.09
416.13	0.08
416.17	0.09
416.22	0.09
416.26	0.08
416.3	0.09
416.35	0.09
416.39	0.08
416.43	0.08
416.47	0.09
416.52	0.09
416.56	0.08
416.6	0.09
416.65	0.09
416.69	0.08
416.73	0.09
416.78	0.09
416.82	0.08
416.86	0.08
416.9	0.09
416.95	0.09
416.99	0.08
417.03	0.09
417.08	0.09
417.12	0.08
417.16	0.09
417.21	0.09
417.25	0.08
417.29	0.08
417.33	0.09
417.38	0.09
417.42	0.08
417.46	0.09
417.51	0.09
417.55	0.08
417.59	0.08
417.63	0.09
417.68	0.09
417.72	0.08
417.76	0.09
417.81	0.09
417.85	0.08
417.89	0.08
417.93	0.09
417.98	0.09
418.02	0.08
418.06	0.08
418.1	0.09
418.15	0.09
418.19	0.08
418.23	0.09
418.28	0.09
418.32	0.08
418.36	0.08
418.4	0.09
418.45	0.09
418.49	0.08
418.53	0.09
418.58	0.09
418.62	0.08
418.66	0.08
418.7	0.09
418.75	0.09
418.79	0.08
418.83	0.08
418.87	0.09
418.92	0.09
418.96	0.08
419	0.08
419.04	0.09
419.09	0.09
419.13	0.08
419.17	0.09
419.22	0.09
419.26	0.08
419.3	0.08
419.34	0.09
419.39	0.09
419.43	0.08
419.47	0.08
419.51	0.09
419.56	0.09
419.6	0.08
419.64	0.08
419.68	0.09
419.73	0.09
419.77	0.08
419.81	0.08
419.85	0.09
419.9	0.09
419.94	0.08
419.98	0.08
420.02	0.09
420.07	0.09
420.11	0.08
420.15	0.08
420.19	0.09
420.24	0.09
420.28	0.08
420.32	0.08
420.36	0.09
420.41	0.09
420.45	0.08
420.49	0.08
420.53	0.09
420.58	0.09
420.62	0.08
420.66	0.08
420.7	0.09
420.75	0.09
420.79	0.08
420.83	0.08
420.87	0.09
420.92	0.09
420.96	0.08
421	0.08
421.04	0.09
421.09	0.09
421.13	0.08
421.17	0.08
421.21	0.09
421.26	0.09
421.3	0.08
421.34	0.08
421.38	0.08
421.42	0.09
421.47	0.09
421.51	0.08
421.55	0.08
421.59	0.09
421.64	0.09
421.68	0.08
421.72	0.08
421.76	0.09
421.81	0.09
421.85	0.08
421.89	0.08
421.93	0.08
421.97	0.09
422.02	0.09
422.06	0.08
422.1	0.08
422.14	0.09
422.19	0.09
422.23	0.08
422.27	0.08
422.31	0.08
422.35	0.09
422.4	0.09
422.44	0.08
422.48	0.08
422.52	0.09
422.57	0.09
422.61	0.08
422.65	0.08
422.69	0.08
422.73	0.09
422.78	0.09
422.82	0.08
422.86	0.08
422.9	0.09
422.95	0.09
422.99	0.08
423.03	0.08
423.07	0.08
423.11	0.09
423.16	0.09
423.2	0.08
423.24	0.08
423.28	0.08
423.32	0.09
423.37	0.09
423.41	0.08
423.45	0.08
423.49	0.08
423.53	0.09
423.58	0.09
423.62	0.08
423.66	0.08
423.7	0.08
423.74	0.09
423.79	0.09
423.83	0.08
423.87	0.08
423.91	0.08
423.95	0.09
424	0.09
424.04	0.08
424.08	0.08
424.12	0.08
424.16	0.09
424.21	0.09
424.25	0.08
424.29	0.08
424.33	0.08
424.37	0.09
424.42	0.09
424.46	0.08
424.5	0.08
424.54	0.08
424.58	0.09
424.63	0.09
424.67	0.08
424.71	0.08
424.75	0.08
424.79	0.09
424.84	0.09
424.88	0.08
424.92	0.08
424.96	0.08
425	0.08
425.04	0.09
425.09	0.09
425.13	0.08
425.17	0.08
425.21	0.08
425.25	0.09
425.3	0.09
425.34	0.08
425.38	0.08
425.42	0.08
425.46	0.08
425.5	0.09
425.55	0.09
425.59	0.08
425.63	0.08
425.67	0.08
425.71	0.09
425.76	0.09
425.8	0.08
425.84	0.08
425.88	0.08
425.92	0.08
425.96	0.09
426.01	0.09
426.05	0.08
426.09	0.08
426.13	0.08
426.17	0.08
426.21	0.09
426.26	0.09
426.3	0.08
426.34	0.08
426.38	0.08
426.42	0.08
426.46	0.09
426.51	0.09
426.55	0.08
426.59	0.08
426.63	0.08
426.67	0.08
426.71	0.09
426.76	0.09
426.8	0.08
426.84	0.08
426.88	0.08
426.92	0.08
426.96	0.09
427.01	0.09
427.05	0.08
427.09	0.08
427.13	0.08
427.17	0.08
427.21	0.08
427.25	0.09
427.3	0.09
427.34	0.08
427.38	0.08
427.42	0.08
427.46	0.08
427.5	0.09
427.55	0.09
427.59	0.08
427.63	0.08
427.67	0.08
427.71	0.08
427.75	0.08
427.79	0.09
427.84	0.09
427.88	0.08
427.92	0.08
427.96	0.08
428	0.08
428.04	0.08
428.08	0.09
428.13	0.09
428.17	0.08
428.21	0.08
428.25	0.08
428.29	0.08
428.33	0.08
428.37	0.09
428.42	0.09
428.46	0.08
428.5	0.08
428.54	0.08
428.58	0.08
428.62	0.08
428.66	0.09
428.71	0.09
428.75	0.08
428.79	0.08
428.83	0.08
428.87	0.08
428.91	0.08
428.95	0.08
428.99	0.09
429.04	0.09
429.08	0.08
429.12	0.08
429.16	0.08
429.2	0.08
429.24	0.08
429.28	0.08
429.32	0.09
429.37	0.09
429.41	0.08
429.45	0.08
429.49	0.08
429.53	0.08
429.57	0.08
429.61	0.08
429.65	0.09
429.7	0.09
429.74	0.08
429.78	0.08
429.82	0.08
429.86	0.08
429.9	0.08
429.94	0.08
429.98	0.09
430.03	0.09
430.07	0.08
430.11	0.08
430.15	0.08
430.19	0.08
430.23	0.08
430.27	0.08
430.31	0.08
430.35	0.09
430.4	0.09
430.44	0.08
430.48	0.08
430.52	0.08
430.56	0.08
430.6	0.08
430.64	0.08
430.68	0.08
430.72	0.09
430.77	0.09
430.81	0.08
430.85	0.08
430.89	0.08
430.93	0.08
430.97	0.08
431.01	0.08
431.05	0.08
431.09	0.08
431.13	0.09
431.18	0.09
431.22	0.08
431.26	0.08
431.3	0.08
431.34	0.08
431.38	0.08
431.42	0.08
431.46	0.08
431.5	0.08
431.54	0.09
431.59	0.09
431.63	0.08
431.67	0.08
431.71	0.08
431.75	0.08
431.79	0.08
431.83	0.08
431.87	0.08
431.91	0.08
431.95	0.08
431.99	0.09
432.04	0.09
432.08	0.08
432.12	0.08
432.16	0.08
432.2	0.08
432.24	0.08
432.28	0.08
432.32	0.08
432.36	0.08
432.4	0.08
432.44	0.08
432.48	0.09
432.53	0.09
432.57	0.08
432.61	0.08
432.65	0.08
432.69	0.08
432.73	0.08
432.77	0.08
432.81	0.08
432.85	0.08
432.89	0.08
432.93	0.08
432.97	0.08
433.01	0.09
433.06	0.09
433.1	0.08
433.14	0.08
433.18	0.08
433.22	0.08
433.26	0.08
433.3	0.08
433.34	0.08
433.38	0.08
433.42	0.08
433.46	0.08
433.5	0.08
433.54	0.08
433.58	0.09
433.63	0.09
433.67	0.08
433.71	0.08
433.75	0.08
433.79	0.08
433.83	0.08
433.87	0.08
433.91	0.08
433.95	0.08
433.99	0.08
434.03	0.08
434.07	0.08
434.11	0.08
434.15	0.08
434.19	0.08
434.23	0.09
434.28	0.09
434.32	0.08
434.36	0.08
434.4	0.08
434.44	0.08
434.48	0.08
434.52	0.08
434.56	0.08
434.6	0.08
434.64	0.08
434.68	0.08
434.72	0.08
434.76	0.08
434.8	0.08
434.84	0.08
434.88	0.08
434.92	0.08
434.96	0.08
435	0.09
435.05	0.09
435.09	0.08
435.13	0.08
435.17	0.08
435.21	0.08
435.25	0.08
435.29	0.08
435.33	0.08
435.37	0.08
435.41	0.08
435.45	0.08
435.49	0.08
435.53	0.08
435.57	0.08
435.61	0.08
435.65	0.08
435.69	0.08
435.73	0.08
435.77	0.08
435.81	0.08
435.85	0.08
435.89	0.08
435.93	0.08
435.97	0.08
436.01	0.08
436.05	0.09
436.1	0.09
436.14	0.08
436.18	0.08
436.22	0.08
436.26	0.08
436.3	0.08
436.34	0.08
436.38	0.08
436.42	0.08
436.46	0.08
436.5	0.08
436.54	0.08
436.58	0.08
436.62	0.08
436.66	0.08
436.7	0.08
436.74	0.08
436.78	0.08
436.82	0.08
436.86	0.08
436.9	0.08
436.94	0.08
436.98	0.08
437.02	0.08
437.06	0.08
437.1	0.08
437.14	0.08
437.18	0.08
437.22	0.08
437.26	0.08
437.3	0.08
437.34	0.08
437.38	0.08
437.42	0.08
437.46	0.08
437.5	0.08
437.54	0.08
437.58	0.08
437.62	0.08
437.66	0.08
437.7	0.08
437.74	0.08
437.78	0.08
437.82	0.08
437.86	0.08
437.9	0.08
437.94	0.08
437.98	0.08
438.02	0.08
438.06	0.08
438.1	0.08
438.14	0.08
438.18	0.08
438.22	0.08
438.26	0.08
438.3	0.08
438.34	0.08
438.38	0.08
438.42	0.08
438.46	0.08
438.5	0.08
438.54	0.08
438.58	0.08
438.62	0.08
438.66	0.08
438.7	0.08
438.74	0.08
438.78	0.08
438.82	0.08
438.86	0.08
438.9	0.08
438.94	0.08
438.98	0.08
439.02	0.08
439.06	0.08
439.1	0.08
439.14	0.08
439.18	0.08
439.22	0.08
439.26	0.08
439.3	0.08
439.34	0.08
439.38	0.08
439.42	0.08
439.46	0.08
439.5	0.08
439.54	0.08
439.58	0.08
439.62	0.08
439.66	0.08
439.7	0.08
439.74	0.08
439.78	0.08
439.82	0.08
439.86	0.08
439.9	0.08
439.94	0.08
439.98	0.08
440.02	0.08
440.06	0.08
440.1	0.08
440.14	0.08
440.18	0.08
440.22	0.08
440.26	0.08
440.3	0.08
440.34	0.08
440.38	0.08
440.42	0.08
440.46	0.08
440.5	0.07
440.53	0.07
440.57	0.08
440.61	0.08
440.65	0.08
440.69	0.08
440.73	0.08
440.77	0.08
440.81	0.08
440.85	0.08
440.89	0.08
440.93	0.08
440.97	0.08
441.01	0.08
441.05	0.08
441.09	0.08
441.13	0.08
441.17	0.08
441.21	0.08
441.25	0.08
441.29	0.08
441.33	0.08
441.37	0.08
441.41	0.08
441.45	0.08
441.49	0.08
441.53	0.07
441.56	0.07
441.6	0.08
441.64	0.08
441.68	0.08
441.72	0.08
441.76	0.08
441.8	0.08
441.84	0.08
441.88	0.08
441.92	0.08
441.96	0.08
442	0.08
442.04	0.08
442.08	0.08
442.12	0.08
442.16	0.08
442.2	0.08
442.24	0.08
442.28	0.07
442.31	0.07
442.35	0.08
442.39	0.08
442.43	0.08
442.47	0.08
442.51	0.08
442.55	0.08
442.59	0.08
442.63	0.08
442.67	0.08
442.71	0.08
442.75	0.08
442.79	0.08
442.83	0.08
442.87	0.08
442.91	0.07
442.94	0.07
442.98	0.08
443.02	0.08
443.06	0.08
443.1	0.08
443.14	0.08
443.18	0.08
443.22	0.08
443.26	0.08
443.3	0.08
443.34	0.08
443.38	0.08
443.42	0.08
443.46	0.08
443.5	0.07
443.53	0.07
443.57	0.08
443.61	0.08
443.65	0.08
443.69	0.08
443.73	0.08
443.77	0.08
443.81	0.08
443.85	0.08
443.89	0.08
443.93	0.08
443.97	0.07
444	0.07
444.04	0.08
444.08	0.08
444.12	0.08
444.16	0.08
444.2	0.08
444.24	0.08
444.28	0.08
444.32	0.08
444.36	0.08
444.4	0.08
444.44	0.07
444.47	0.07
444.51	0.08
444.55	0.08
444.59	0.08
444.63	0.08
444.67	0.08
444.71	0.08
444.75	0.08
444.79	0.08
444.83	0.08
444.87	0.07
444.9	0.07
444.94	0.08
444.98	0.08
445.02	0.08
445.06	0.08
445.1	0.08
445.14	0.08
445.18	0.08
445.22	0.08
445.26	0.07
445.29	0.07
445.33	0.08
445.37	0.08
445.41	0.08
445.45	0.08
445.49	0.08
445.53	0.08
445.57	0.08
445.61	0.08
445.65	0.07
445.68	0.07
445.72	0.08
445.76	0.08
445.8	0.08
445.84	0.08
445.88	0.08
445.92	0.08
445.96	0.08
446	0.07
446.03	0.07
446.07	0.08
446.11	0.08
446.15	0.08
446.19	0.08
446.23	0.08
446.27	0.08
446.31	0.08
446.35	0.07
446.38	0.07
446.42	0.08
446.46	0.08
446.5	0.08
446.54	0.08
446.58	0.08
446.62	0.08
446.66	0.08
446.7	0.07
446.73	0.07
446.77	0.08
446.81	0.08
446.85	0.08
446.89	0.08
446.93	0.08
446.97	0.08
447.01	0.07
447.04	0.07
447.08	0.08
447.12	0.08
447.16	0.08
447.2	0.08
447.24	0.08
447.28	0.08
447.32	0.07
447.35	0.07
447.39	0.08
447.43	0.08
447.47	0.08
447.51	0.08
447.55	0.08
447.59	0.07
447.62	0.07
447.66	0.08
447.7	0.08
447.74	0.08
447.78	0.08
447.82	0.08
447.86	0.08
447.9	0.07
447.93	0.07
447.97	0.08
448.01	0.08
448.05	0.08
448.09	0.08
448.13	0.08
448.17	0.07
448.2	0.07
448.24	0.08
448.28	0.08
448.32	0.08
448.36	0.08
448.4	0.08
448.44	0.07
448.47	0.07
448.51	0.08
448.55	0.08
448.59	0.08
448.63	0.08
448.67	0.07
448.7	0.07
448.74	0.08
448.78	0.08
448.82	0.08
448.86	0.08
448.9	0.08
448.94	0.07
448.97	0.07
449.01	0.08
449.05	0.08
449.09	0.08
449.13	0.08
449.17	0.07
449.2	0.07
449.24	0.08
449.28	0.08
449.32	0.08
449.36	0.08
449.4	0.08
449.44	0.07
449.47	0.07
449.51	0.08
449.55	0.08
449.59	0.08
449.63	0.08
449.67	0.07
449.7	0.07
449.74	0.08
449.78	0.08
449.82	0.08
449.86	0.08
449.9	0.07
449.93	0.07
449.97	0.08
450.01	0.08
450.05	0.08
450.09	0.08
450.13	0.07
450.16	0.07
450.2	0.08
450.24	0.08
450.28	0.08
450.32	0.07
450.35	0.07
450.39	0.08
450.43	0.08
450.47	0.08
450.51	0.08
450.55	0.07
450.58	0.07
450.62	0.08
450.66	0.08
450.7	0.08
450.74	0.08
450.78	0.07
450.81	0.07
450.85	0.08
450.89	0.08
450.93	0.08
450.97	0.07
451	0.07
451.04	0.08
451.08	0.08
451.12	0.08
451.16	0.08
451.2	0.07
451.23	0.07
451.27	0.08
451.31	0.08
451.35	0.08
451.39	0.07
451.42	0.07
451.46	0.08
451.5	0.08
451.54	0.08
451.58	0.07
451.61	0.07
451.65	0.08
451.69	0.08
451.73	0.08
451.77	0.07
451.8	0.07
451.84	0.08
451.88	0.08
451.92	0.08
451.96	0.07
451.99	0.07
452.03	0.08
452.07	0.08
452.11	0.08
452.15	0.07
452.18	0.07
452.22	0.08
452.26	0.08
452.3	0.08
452.34	0.07
452.37	0.07
452.41	0.08
452.45	0.08
452.49	0.08
452.53	0.07
452.56	0.07
452.6	0.08
452.64	0.08
452.68	0.08
452.72	0.07
452.75	0.07
452.79	0.08
452.83	0.08
452.87	0.08
452.91	0.07
452.94	0.07
452.98	0.08
453.02	0.08
453.06	0.07
453.09	0.07
453.13	0.08
453.17	0.08
453.21	0.08
453.25	0.07
453.28	0.07
453.32	0.08
453.36	0.08
453.4	0.08
453.44	0.07
453.47	0.07
453.51	0.08
453.55	0.08
453.59	0.07
453.62	0.07
453.66	0.08
453.7	0.08
453.74	0.08
453.78	0.07
453.81	0.07
453.85	0.08
453.89	0.08
453.93	0.07
453.96	0.07
454	0.08
454.04	0.08
454.08	0.07
454.11	0.07
454.15	0.08
454.19	0.08
454.23	0.08
454.27	0.07
454.3	0.07
454.34	0.08
454.38	0.08
454.42	0.07
454.45	0.07
454.49	0.08
454.53	0.08
454.57	0.07
454.6	0.07
454.64	0.08
454.68	0.08
454.72	0.07
454.75	0.07
454.79	0.08
454.83	0.08
454.87	0.08
454.91	0.07
454.94	0.07
454.98	0.08
455.02	0.08
455.06	0.07
455.09	0.07
455.13	0.08
455.17	0.08
455.21	0.07
455.24	0.07
455.28	0.08
455.32	0.08
455.36	0.07
455.39	0.07
455.43	0.08
455.47	0.08
455.51	0.07
455.54	0.07
455.58	0.08
455.62	0.08
455.66	0.07
455.69	0.07
455.73	0.08
455.77	0.08
455.81	0.07
455.84	0.07
455.88	0.08
455.92	0.08
455.96	0.07
455.99	0.07
456.03	0.08
456.07	0.07
456.1	0.07
456.14	0.08
456.18	0.08
456.22	0.07
456.25	0.07
456.29	0.08
456.33	0.08
456.37	0.07
456.4	0.07
456.44	0.08
456.48	0.08
456.52	0.07
456.55	0.07
456.59	0.08
456.63	0.08
456.67	0.07
456.7	0.07
456.74	0.08
456.78	0.07
456.81	0.07
456.85	0.08
456.89	0.08
456.93	0.07
456.96	0.07
457	0.08
457.04	0.08
457.08	0.07
457.11	0.07
457.15	0.08
457.19	0.07
457.22	0.07
457.26	0.08
457.3	0.08
457.34	0.07
457.37	0.07
457.41	0.08
457.45	0.07
457.48	0.07
457.52	0.08
457.56	0.08
457.6	0.07
457.63	0.07
457.67	0.08
457.71	0.07
457.74	0.07
457.78	0.08
457.82	0.08
457.86	0.07
457.89	0.07
457.93	0.08
457.97	0.07
458	0.07
458.04	0.08
458.08	0.08
458.12	0.07
458.15	0.07
458.19	0.08
458.23	0.07
458.26	0.07
458.3	0.08
458.34	0.08
458.38	0.07
458.41	0.07
458.45	0.08
458.49	0.07
458.52	0.07
458.56	0.08
458.6	0.07
458.63	0.07
458.67	0.08
458.71	0.08
458.75	0.07
458.78	0.07
458.82	0.08
458.86	0.07
458.89	0.07
458.93	0.08
458.97	0.07
459	0.07
459.04	0.08
459.08	0.08
459.12	0.07
459.15	0.07
459.19	0.08
459.23	0.07
459.26	0.07
459.3	0.08
459.34	0.07
459.37	0.07
459.41	0.08
459.45	0.07
459.48	0.07
459.52	0.08
459.56	0.08
459.6	0.07
459.63	0.07
459.67	0.08
459.71	0.07
459.74	0.07
459.78	0.08
459.82	0.07
459.85	0.07
459.89	0.08
459.93	0.07
459.96	0.07
460	0.08
460.04	0.07
460.07	0.07
460.11	0.08
460.15	0.07
460.18	0.07
460.22	0.08
460.26	0.07
460.29	0.07
460.33	0.08
460.37	0.08
460.41	0.07
460.44	0.07
460.48	0.08
460.52	0.07
460.55	0.07
460.59	0.08
460.63	0.07
460.66	0.07
460.7	0.08
460.74	0.07
460.77	0.07
460.81	0.08
460.85	0.07
460.88	0.07
460.92	0.08
460.96	0.07
460.99	0.07
461.03	0.08
461.07	0.07
461.1	0.07
461.14	0.08
461.18	0.07
461.21	0.07
461.25	0.08
461.29	0.07
461.32	0.07
461.36	0.08
461.4	0.07
461.43	0.07
461.47	0.07
461.5	0.07
461.54	0.08
461.58	0.07
461.61	0.07
461.65	0.08
461.69	0.07
461.72	0.07
461.76	0.08
461.8	0.07
461.83	0.07
461.87	0.08
461.91	0.07
461.94	0.07
461.98	0.08
462.02	0.07
462.05	0.07
462.09	0.08
462.13	0.07
462.16	0.07
462.2	0.08
462.24	0.07
462.27	0.07
462.31	0.07
462.34	0.07
462.38	0.08
462.42	0.07
462.45	0.07
462.49	0.08
462.53	0.07
462.56	0.07
462.6	0.08
462.64	0.07
462.67	0.07
462.71	0.08
462.75	0.07
462.78	0.07
462.82	0.07
462.85	0.07
462.89	0.08
462.93	0.07
462.96	0.07
463	0.08
463.04	0.07
463.07	0.07
463.11	0.08
463.15	0.07
463.18	0.07
463.22	0.07
463.25	0.07
463.29	0.08
463.33	0.07
463.36	0.07
463.4	0.08
463.44	0.07
463.47	0.07
463.51	0.07
463.54	0.07
463.58	0.08
463.62	0.07
463.65	0.07
463.69	0.08
463.73	0.07
463.76	0.07
463.8	0.07
463.83	0.07
463.87	0.08
463.91	0.07
463.94	0.07
463.98	0.08
464.02	0.07
464.05	0.07
464.09	0.07
464.12	0.07
464.16	0.08
464.2	0.07
464.23	0.07
464.27	0.07
464.3	0.07
464.34	0.08
464.38	0.07
464.41	0.07
464.45	0.08
464.49	70.8
535.25	70.83
535.32	0.15
535.4	0.15
535.47	0.15
535.55	0.15
535.62	0.15
535.7	0.16
535.78	0.15
535.85	0.15
535.93	0.15
536	0.15
536.08	0.15
536.15	0.15
536.23	0.16
536.31	0.15
536.38	0.15
536.46	0.15
536.53	0.15
536.61	0.15
536.68	0.15
536.76	0.15
536.83	0.15
536.91	0.16
536.99	0.15
537.06	0.15
537.14	0.15
537.21	0.15
537.29	0.15
537.36	0.15
537.44	0.16
537.52	0.15
537.59	0.15
537.67	0.15
537.74	0.15
537.82	0.16
537.9	0.15
537.97	0.15
538.05	0.15
538.12	0.15
538.2	0.15
538.27	0.15
538.35	0.16
538.43	0.15
538.5	0.15
538.58	0.15
538.65	0.15
538.73	0.15
538.8	0.15
538.88	0.16
538.96	0.15
539.03	0.15
539.11	0.15
539.18	0.15
539.26	0.16
539.34	0.15
539.41	0.15
539.49	0.15
539.56	0.15
539.64	0.15
539.71	0.15
539.79	0.16
539.87	0.15
539.94	0.15
540.02	0.15
540.09	0.15
540.17	0.16
540.25	0.15
540.32	0.15
540.4	0.15
540.47	0.15
540.55	0.16
540.63	0.15
540.7	0.15
540.78	0.15
540.85	0.15
540.93	0.15
541	0.15
541.08	0.16
541.16	0.15
541.23	0.15
541.31	0.15
541.38	0.15
541.46	0.16
541.54	0.15
541.61	0.15
541.69	0.15
541.76	0.15
541.84	0.16
541.92	0.15
541.99	0.15
542.07	0.15
542.14	0.15
542.22	0.15
542.29	0.15
542.37	0.16
542.45	0.15
542.52	0.15
542.6	0.15
542.67	0.15
542.75	0.16
542.83	0.15
542.9	0.15
542.98	0.15
543.05	0.15
543.13	0.16
543.21	0.15
543.28	0.15
543.36	0.15
543.43	0.15
543.51	0.16
543.59	0.15
543.66	0.15
543.74	0.15
543.81	0.15
543.89	0.16
543.97	0.15
544.04	0.15
544.12	0.15
544.19	0.15
544.27	0.16
544.35	0.15
544.42	0.15
544.5	0.15
544.57	0.15
544.65	0.15
544.72	0.15
544.8	0.16
544.88	0.15
544.95	0.15
545.03	0.15
545.1	0.15
545.18	0.16
545.26	0.15
545.33	0.15
545.41	0.15
545.48	0.15
545.56	0.16
545.64	0.15
545.71	0.15
545.79	0.15
545.86	0.15
545.94	0.16
546.02	0.15
546.09	0.15
546.17	0.15
546.24	0.15
546.32	0.15
546.39	0.15
546.47	0.16
546.55	0.15
546.62	0.15
546.7	0.15
546.77	0.15
546.85	0.16
546.93	0.15
547	0.15
547.08	0.15
547.15	0.15
547.23	0.15
547.3	0.15
547.38	0.16
547.46	0.15
547.53	0.15
547.61	0.15
547.68	0.15
547.76	0.16
547.84	0.15
547.91	0.15
547.99	0.15
548.06	0.15
548.14	0.15
548.21	0.15
548.29	0.16
548.37	0.15
548.44	0.15
548.52	0.15
548.59	0.15
548.67	0.16
548.75	0.15
548.82	0.15
548.9	0.15
548.97	0.15
549.05	0.15
549.12	0.15
549.2	0.16
549.28	0.15
549.35	0.15
549.43	0.15
549.5	0.15
549.58	0.15
549.65	0.15
549.73	0.16
549.81	0.15
549.88	0.15
549.96	0.15
550.03	0.15
550.11	0.15
550.18	0.15
550.26	0.16
550.34	0.15
550.41	0.15
550.49	0.15
550.56	0.15
550.64	0.15
550.71	0.15
550.79	0.15
550.86	0.15
550.94	0.16
551.02	0.15
551.09	0.15
551.17	0.15
551.24	0.15
551.32	0.15
551.39	0.15
551.47	0.16
551.55	0.15
551.62	0.15
551.7	0.15
551.77	0.15
551.85	0.15
551.92	0.15
552	0.15
552.07	0.15
552.15	0.15
552.22	0.15
552.3	0.16
552.38	0.15
552.45	0.15
552.53	0.15
552.6	0.15
552.68	0.15
552.75	0.15
552.83	0.15
552.9	0.15
552.98	0.16
553.06	0.15
553.13	0.15
553.21	0.15
553.28	0.15
553.36	0.15
553.43	0.15
553.51	0.15
553.58	0.15
553.66	0.15
553.73	0.15
553.81	0.15
553.88	0.15
553.96	0.15
554.03	0.15
554.11	0.16
554.19	0.15
554.26	0.15
554.34	0.15
554.41	0.15
554.49	0.15
554.56	0.15
554.64	0.15
554.71	0.15
554.79	0.15
554.86	0.15
554.94	0.15
555.01	0.15
555.09	0.15
555.16	0.15
555.24	0.15
555.31	0.15
555.39	0.15
555.46	0.15
555.54	0.15
555.61	0.15
555.69	0.15
555.76	0.15
555.84	0.16
555.92	0.15
555.99	0.15
556.07	0.15
556.14	0.15
556.22	0.15
556.29	0.15
556.37	0.15
556.44	0.15
556.52	0.15
556.59	0.15
556.67	0.15
556.74	0.15
556.82	0.15
556.89	0.15
556.97	0.15
557.04	0.15
557.12	0.15
557.19	0.15
557.27	0.15
557.34	0.15
557.42	0.15
557.49	0.14
557.56	0.15
557.64	0.15
557.71	0.15
557.79	0.15
557.86	0.15
557.94	0.15
558.01	0.15
558.09	0.15
558.16	0.15
558.24	0.15
558.31	0.15
558.39	0.15
558.46	0.15
558.54	0.15
558.61	0.15
558.69	0.15
558.76	0.15
558.84	0.15
558.91	0.15
558.99	0.15
559.06	0.14
559.13	0.15
559.21	0.15
559.28	0.15
559.36	0.15
559.43	0.15
559.51	0.15
559.58	0.15
559.66	0.15
559.73	0.15
559.81	0.15
559.88	0.14
559.95	0.15
560.03	0.15
560.1	0.15
560.18	0.15
560.25	0.15
560.33	0.15
560.4	0.15
560.48	0.15
560.55	0.14
560.62	0.15
560.7	0.15
560.77	0.15
560.85	0.15
560.92	0.15
561	0.15
561.07	0.14
561.14	0.15
561.22	0.15
561.29	0.15
561.37	0.15
561.44	0.15
561.52	0.15
561.59	0.14
561.66	0.15
561.74	0.15
561.81	0.15
561.89	0.15
561.96	0.15
562.04	0.15
562.11	0.14
562.18	0.15
562.26	0.15
562.33	0.15
562.41	0.15
562.48	0.14
562.55	0.15
562.63	0.15
562.7	0.15
562.78	0.15
562.85	0.14
562.92	0.15
563	0.15
563.07	0.15
563.15	0.15
563.22	0.14
563.29	0.15
563.37	0.15
563.44	0.14
563.51	0.15
563.59	0.15
563.66	0.15
563.74	0.15
563.81	0.14
563.88	0.15
563.96	0.15
564.03	0.14
564.1	0.15
564.18	0.15
564.25	0.15
564.33	0.15
564.4	0.14
564.47	0.15
564.55	0.15
564.62	0.14
564.69	0.15
564.77	0.15
564.84	0.14
564.91	0.15
564.99	0.15
565.06	0.15
565.14	0.15
565.21	0.14
565.28	0.15
565.36	0.15
565.43	0.14
565.5	0.15
565.58	0.15
565.65	0.14
565.72	0.15
565.8	0.15
565.87	0.14
565.94	0.15
566.02	0.15
566.09	0.14
566.16	0.15
566.24	0.15
566.31	0.14
566.38	0.15
566.46	0.15
566.53	0.14
566.6	0.15
566.68	0.15
566.75	0.14
566.82	0.14
566.89	0.15
566.97	0.15
567.04	0.14
567.11	0.15
567.19	0.15
567.26	0.14
567.33	0.15
567.41	0.15
567.48	0.14
567.55	0.14
567.62	0.15
567.7	0.15
567.77	0.14
567.84	0.15
567.92	0.15
567.99	0.14
568.06	0.15
568.14	0.15
568.21	0.14
568.28	0.14
568.35	0.15
568.43	0.15
568.5	0.14
568.57	0.14
568.64	0.15
568.72	0.15
568.79	0.14
568.86	0.14
568.93	0.15
569.01	0.15
569.08	0.14
569.15	0.15
569.23	0.15
569.3	0.14
569.37	0.14
569.44	0.15
569.52	0.15
569.59	0.14
569.66	0.14
569.73	0.15
569.81	0.15
569.88	0.14
569.95	0.14
570.02	0.14
570.09	0.15
570.17	0.15
570.24	0.14
570.31	0.14
570.38	0.15
570.46	0.15
570.53	0.14
570.6	0.14
570.67	0.14
570.74	0.15
570.82	0.15
570.89	0.14
570.96	0.14
571.03	0.15
571.11	0.15
571.18	0.14
571.25	0.14
571.32	0.14
571.39	0.15
571.47	0.15
571.54	0.14
571.61	0.14
571.68	0.14
571.75	0.15
571.83	0.15
571.9	0.14
571.97	0.14
572.04	0.14
572.11	0.14
572.18	0.15
572.26	0.15
572.33	0.14
572.4	0.14
572.47	0.14
572.54	0.14
572.61	0.15
572.69	0.15
572.76	0.14
572.83	0.14
572.9	0.14
572.97	0.14
573.04	0.15
573.12	0.15
573.19	0.14
573.26	0.14
573.33	0.14
573.4	0.14
573.47	0.14
573.54	0.15
573.62	0.15
573.69	0.14
573.76	0.14
573.83	0.14
573.9	0.14
573.97	0.14
574.04	0.14
574.11	0.15
574.19	0.15
574.26	0.14
574.33	0.14
574.4	0.14
574.47	0.14
574.54	0.14
574.61	0.14
574.68	0.15
574.76	0.15
574.83	0.14
574.9	0.14
574.97	0.14
575.04	0.14
575.11	0.14
575.18	0.14
575.25	0.14
575.32	0.14
575.39	0.14
575.46	0.15
575.54	0.15
575.61	0.14
575.68	0.14
575.75	0.14
575.82	0.14
575.89	0.14
575.96	0.14
576.03	0.14
576.1	0.14
576.17	0.14
576.24	0.14
576.31	0.14
576.38	0.14
576.45	0.14
576.52	0.15
576.6	0.15
576.67	0.14
576.74	0.14
576.81	0.14
576.88	0.14
576.95	0.14
577.02	0.14
577.09	0.14
577.16	0.14
577.23	0.14
577.3	0.14
577.37	0.14
577.44	0.14
577.51	0.14
577.58	0.14
577.65	0.14
577.72	0.14
577.79	0.14
577.86	0.14
577.93	0.14
578	0.14
578.07	0.14
578.14	0.14
578.21	0.14
578.28	0.14
578.35	0.14
578.42	0.14
578.49	0.14
578.56	0.14
578.63	0.14
578.7	0.14
578.77	0.14
578.84	0.14
578.91	0.14
578.98	0.14
579.05	0.14
579.12	0.14
579.19	0.14
579.26	0.14
579.33	0.14
579.4	0.14
579.47	0.14
579.54	0.14
579.61	0.14
579.68	0.14
579.75	0.13
579.81	0.13
579.88	0.14
579.95	0.14
580.02	0.14
580.09	0.14
580.16	0.14
580.23	0.14
580.3	0.14
580.37	0.14
580.44	0.14
580.51	0.14
580.58	0.14
580.65	0.14
580.72	0.14
580.79	0.13
580.85	0.13
580.92	0.14
580.99	0.14
581.06	0.14
581.13	0.14
581.2	0.14
581.27	0.14
581.34	0.14
581.41	0.14
581.48	0.13
581.54	0.13
581.61	0.14
581.68	0.14
581.75	0.14
581.82	0.14
581.89	0.14
581.96	0.14
582.03	0.13
582.09	0.13
582.16	0.14
582.23	0.14
582.3	0.14
582.37	0.14
582.44	0.14
582.51	0.13
582.57	0.13
582.64	0.14
582.71	0.14
582.78	0.14
582.85	0.14
582.92	0.14
582.99	0.13
583.05	0.13
583.12	0.14
583.19	0.14
583.26	0.14
583.33	0.14
583.4	0.13
583.46	0.13
583.53	0.14
583.6	0.14
583.67	0.14
583.74	0.13
583.8	0.13
583.87	0.14
583.94	0.14
584.01	0.14
584.08	0.13
584.14	0.13
584.21	0.14
584.28	0.14
584.35	0.14
584.42	0.13
584.48	0.13
584.55	0.14
584.62	0.14
584.69	0.14
584.76	0.13
584.82	0.13
584.89	0.14
584.96	0.14
585.03	0.13
585.09	0.13
585.16	0.14
585.23	0.14
585.3	0.13
585.36	0.13
585.43	0.14
585.5	0.14
585.57	0.13
585.63	0.13
585.7	0.14
585.77	0.14
585.84	0.13
585.9	0.13
585.97	0.14
586.04	0.13
586.1	0.13
586.17	0.14
586.24	0.14
586.31	0.13
586.37	0.13
586.44	0.14
586.51	0.13
586.57	0.13
586.64	0.14
586.71	0.14
586.78	0.13
586.84	0.13
586.91	0.14
586.98	0.13
587.04	0.13
587.11	0.14
587.18	0.13
587.24	0.13
587.31	0.14
587.38	0.13
587.44	0.13
587.51	0.14
587.58	0.13
587.64	0.13
587.71	0.14
587.78	0.13
587.84	0.13
587.91	0.14
587.98	0.13
588.04	0.13
588.11	0.14
588.18	0.13
588.24	0.13
588.31	0.14
588.38	0.13
588.44	0.13
588.51	0.14
588.58	0.13
588.64	0.13
588.71	0.13
588.77	0.13
588.84	0.14
588.91	0.13
588.97	0.13
589.04	0.13
589.1	0.13
589.17	0.14
589.24	0.13
589.3	0.13
589.37	0.13
589.43	0.13
589.5	0.14
589.57	0.13
589.63	0.13
589.7	0.13
589.76	0.13
589.83	0.14
589.9	0.13
589.96	0.13
590.03	0.13
590.09	0.13
590.16	0.13
590.22	0.13
590.29	0.13
590.35	0.13
590.42	0.14
590.49	0.13
590.55	0.13
590.62	0.13
590.68	0.13
590.75	0.13
590.81	0.13
590.88	0.13
590.94	0.13
591.01	0.13
591.07	0.13
591.14	0.14
591.21	0.13
591.27	0.13
591.34	0.13
591.4	0.13
591.47	0.13
591.53	0.13
591.6	0.13
591.66	0.13
591.73	0.13
591.79	0.13
591.86	0.13
591.92	0.13
591.99	0.13
592.05	0.13
592.12	0.13
592.18	0.13
592.25	0.13
592.31	0.12
592.37	0.13
592.44	0.13
592.5	0.13
592.57	0.13
592.63	0.13
592.7	0.13
592.76	0.13
592.83	0.13
592.89	0.13
592.96	0.13
593.02	0.12
593.08	0.13
593.15	0.13
593.21	0.13
593.28	0.13
593.34	0.13
593.41	0.13
593.47	0.13
593.54	0.13
593.6	0.12
593.66	0.13
593.73	0.13
593.79	0.13
593.86	0.13
593.92	0.12
593.98	0.13
594.05	0.13
594.11	0.13
594.18	0.13
594.24	0.12
594.3	0.13
594.37	0.13
594.43	0.13
594.5	0.13
594.56	0.12
594.62	0.13
594.69	0.13
594.75	0.12
594.81	0.13
594.88	0.13
594.94	0.13
595.01	0.13
595.07	0.12
595.13	0.13
595.2	0.13
595.26	0.12
595.32	0.13
595.39	0.13
595.45	0.12
595.51	0.13
595.58	0.13
595.64	0.12
595.7	0.13
595.77	0.13
595.83	0.12
595.89	0.13
595.96	0.13
596.02	0.12
596.08	0.13
596.15	0.13
596.21	0.12
596.27	0.12
596.33	0.13
596.4	0.13
596.46	0.12
596.52	0.13
596.59	0.13
596.65	0.12
596.71	0.12
596.77	0.13
596.84	0.13
596.9	0.12
596.96	0.13
597.03	0.13
597.09	0.12
597.15	0.12
597.21	0.13
597.28	0.13
597.34	0.12
597.4	0.12
597.46	0.13
597.53	0.13
597.59	0.12
597.65	0.12
597.71	0.13
597.78	0.13
597.84	0.12
597.9	0.12
597.96	0.13
598.03	0.13
598.09	0.12
598.15	0.12
598.21	0.12
598.27	0.13
598.34	0.13
598.4	0.12
598.46	0.12
598.52	0.12
598.58	0.13
598.65	0.13
598.71	0.12
598.77	0.12
598.83	0.12
598.89	0.13
598.96	0.13
599.02	0.12
599.08	0.12
599.14	0.12
599.2	0.12
599.26	0.13
599.33	0.13
599.39	0.12
599.45	0.12
599.51	0.12
599.57	0.12
599.63	0.12
599.69	0.13
599.76	0.13
599.82	0.12
599.88	0.12
599.94	0.12
600	0.12
600.06	0.12
600.12	0.13
600.19	0.13
600.25	0.12
600.31	0.12
600.37	0.12
600.43	0.12
600.49	0.12
600.55	0.12
600.61	0.12
600.67	0.13
600.74	0.13
600.8	0.12
600.86	0.12
600.92	0.12
600.98	0.12
601.04	0.12
601.1	0.12
601.16	0.12
601.22	0.12
601.28	0.12
601.34	0.12
601.4	0.12
601.46	0.13
601.53	0.13
601.59	0.12
601.65	0.12
601.71	0.12
601.77	0.12
601.83	0.12
601.89	0.12
601.95	0.12
602.01	0.12
602.07	0.12
602.13	0.12
602.19	0.12
602.25	0.12
602.31	0.12
602.37	0.12
602.43	0.12
602.49	0.12
602.55	0.12
602.61	0.12
602.67	0.12
602.73	0.12
602.79	0.12
602.85	0.12
602.91	0.12
602.97	0.12
603.03	0.12
603.09	0.12
603.15	0.12
603.21	0.12
603.27	0.12
603.33	0.12
603.39	0.12
603.45	0.12
603.51	0.12
603.57	0.12
603.63	0.12
603.69	0.12
603.75	0.12
603.81	0.11
603.86	0.11
603.92	0.12
603.98	0.12
604.04	0.12
604.1	0.12
604.16	0.12
604.22	0.12
604.28	0.12
604.34	0.12
604.4	0.12
604.46	0.12
604.52	0.12
604.58	0.11
604.63	0.11
604.69	0.12
604.75	0.12
604.81	0.12
604.87	0.12
604.93	0.12
604.99	0.12
605.05	0.12
605.11	0.11
605.16	0.11
605.22	0.12
605.28	0.12
605.34	0.12
605.4	0.12
605.46	0.12
605.52	0.11
605.57	0.11
605.63	0.12
605.69	0.12
605.75	0.12
605.81	0.12
605.87	0.12
605.93	0.11
605.98	0.11
606.04	0.12
606.1	0.12
606.16	0.12
606.22	0.11
606.27	0.11
606.33	0.12
606.39	0.12
606.45	0.12
606.51	0.11
606.56	0.11
606.62	0.12
606.68	0.12
606.74	0.12
606.8	0.11
606.85	0.11
606.91	0.12
606.97	0.12
607.03	0.12
607.09	0.11
607.14	0.11
607.2	0.12
607.26	0.12
607.32	0.11
607.37	0.11
607.43	0.12
607.49	0.12
607.55	0.11
607.6	0.11
607.66	0.12
607.72	0.12
607.78	0.11
607.83	0.11
607.89	0.12
607.95	0.12
608.01	0.11
608.06	0.11
608.12	0.12
608.18	0.11
608.23	0.11
608.29	0.12
608.35	0.12
608.41	0.11
608.46	0.11
608.52	0.12
608.58	0.11
608.63	0.11
608.69	0.12
608.75	0.11
608.8	0.11
608.86	0.12
608.92	0.11
608.97	0.11
609.03	0.12
609.09	0.11
609.14	0.11
609.2	0.12
609.26	0.11
609.31	0.11
609.37	0.12
609.43	0.11
609.48	0.11
609.54	0.12
609.6	0.11
609.65	0.11
609.71	0.11
609.76	0.11
609.82	0.12
609.88	0.11
609.93	0.11
609.99	0.12
610.05	0.11
610.1	0.11
610.16	0.11
610.21	0.11
610.27	0.12
610.33	0.11
610.38	0.11
610.44	0.11
610.49	0.11
610.55	0.11
610.6	0.11
610.66	0.12
610.72	0.11
610.77	0.11
610.83	0.11
610.88	0.11
610.94	0.11
610.99	0.11
611.05	0.12
611.11	0.11
611.16	0.11
611.22	0.11
611.27	0.11
611.33	0.11
611.38	0.11
611.44	0.11
611.49	0.11
611.55	0.11
611.6	0.11
611.66	0.11
611.71	0.11
611.77	0.11
611.82	0.11
611.88	0.11
611.93	0.11
611.99	0.11
612.04	0.11
612.1	0.11
612.15	0.11
612.21	0.11
612.26	0.11
612.32	0.11
612.37	0.11
612.43	0.11
612.48	0.11
612.54	0.11
612.59	0.11
612.65	0.11
612.7	0.11
612.76	0.11
612.81	0.11
612.87	0.11
612.92	0.1
612.97	0.11
613.03	0.11
613.08	0.11
613.14	0.11
613.19	0.11
613.25	0.11
613.3	0.1
613.35	0.11
613.41	0.11
613.46	0.11
613.52	0.11
613.57	0.1
613.62	0.11
613.68	0.11
613.73	0.11
613.79	0.11
613.84	0.1
613.89	0.11
613.95	0.11
614	0.11
614.06	0.11
614.11	0.1
614.16	0.11
614.22	0.11
614.27	0.1
614.32	0.11
614.38	0.11
614.43	0.1
614.48	0.11
614.54	0.11
614.59	0.11
614.65	0.11
614.7	0.1
614.75	0.11
614.81	0.11
614.86	0.1
614.91	0.11
614.97	0.11
615.02	0.1
615.07	0.1
615.12	0.11
615.18	0.11
615.23	0.1
615.28	0.11
615.34	0.11
615.39	0.1
615.44	0.11
615.5	0.11
615.55	0.1
615.6	0.1
615.65	0.11
615.71	0.11
615.76	0.1
615.81	0.1
615.86	0.11
615.92	0.11
615.97	0.1
616.02	0.11
616.08	0.11
616.13	0.1
616.18	0.1
616.23	0.1
616.28	0.11
616.34	0.11
616.39	0.1
616.44	0.1
616.49	0.11
616.55	0.11
616.6	0.1
616.65	0.1
616.7	0.1
616.75	0.11
616.81	0.11
616.86	0.1
616.91	0.1
616.96	0.1
617.01	0.11
617.07	0.11
617.12	0.1
617.17	0.1
617.22	0.1
617.27	0.11
617.33	0.11
617.38	0.1
617.43	0.1
617.48	0.1
617.53	0.1
617.58	0.11
617.64	0.11
617.69	0.1
617.74	0.1
617.79	0.1
617.84	0.1
617.89	0.1
617.94	0.11
618	0.11
618.05	0.1
618.1	0.1
618.15	0.1
618.2	0.1
618.25	0.1
618.3	0.1
618.35	0.1
618.4	0.11
618.46	0.11
618.51	0.1
618.56	0.1
618.61	0.1
618.66	0.1
618.71	0.1
618.76	0.1
618.81	0.1
618.86	0.1
618.91	0.1
618.96	0.1
619.01	0.1
619.06	0.1
619.11	0.11
619.17	0.11
619.22	0.1
619.27	0.1
619.32	0.1
619.37	0.1
619.42	0.1
619.47	0.1
619.52	0.1
619.57	0.1
619.62	0.1
619.67	0.1
619.72	0.1
619.77	0.1
619.82	0.1
619.87	0.13
619.95	0.17
620.04	0.18
620.13	0.18
620.22	0.18
620.31	0.18
620.4	0.18
620.49	0.18
620.58	0.18
620.67	0.18
620.76	0.18
620.85	0.18
620.94	0.18
621.03	0.17
621.11	0.17
621.2	0.18
621.29	0.18
621.38	0.18
621.47	0.18
621.56	0.18
621.65	0.18
621.74	0.18
621.83	0.18
621.92	0.18
622.01	0.18
622.1	0.18
622.19	0.18
622.28	0.18
622.37	0.18
622.46	0.18
622.55	0.17
622.63	0.17
622.72	0.18
622.81	0.18
622.9	0.18
622.99	0.18
623.08	0.18
623.17	0.18
623.26	0.18
623.35	0.18
623.44	0.18
623.53	0.18
623.62	0.18
623.71	0.18
623.8	0.18
623.89	0.18
623.98	0.18
624.07	0.18
624.16	0.18
624.25	0.18
624.34	0.17
624.42	0.17
624.51	0.18
624.6	0.18
624.69	0.18
624.78	0.18
624.87	0.18
624.96	0.18
625.05	0.18
625.14	0.18
625.23	0.18
625.32	0.18
625.41	0.18
625.5	0.18
625.59	0.18
625.68	0.18
625.77	0.18
625.86	0.18
625.95	0.18
626.04	0.18
626.13	0.17
626.21	0.17
626.3	0.18
626.39	0.18
626.48	0.18
626.57	0.18
626.66	0.18
626.75	0.18
626.84	0.18
626.93	0.18
627.02	0.18
627.11	0.18
627.2	0.18
627.29	0.18
627.38	0.18
627.47	0.18
627.56	0.18
627.65	0.18
627.74	0.18
627.83	0.18
627.92	0.18
628.01	0.17
628.09	0.17
628.18	0.18
628.27	0.18
628.36	0.18
628.45	0.18
628.54	0.18
628.63	0.18
628.72	0.18
628.81	0.18
628.9	0.18
628.99	0.18
629.08	0.18
629.17	0.18
629.26	0.18
629.35	0.18
629.44	0.18
629.53	0.18
629.62	0.18
629.71	0.18
629.8	0.17
629.88	0.17
629.97	0.18
630.06	0.18
630.15	0.18
630.24	0.18
630.33	0.18
630.42	0.18
630.51	0.18
630.6	0.18
630.69	0.18
630.78	0.18
630.87	0.18
630.96	0.18
631.05	0.18
631.14	0.18
631.23	0.18
631.32	0.18
631.41	0.18
631.5	0.18
631.59	0.17
631.67	0.17
631.76	0.18
631.85	0.18
631.94	0.18
632.03	0.18
632.12	0.18
632.21	0.18
632.3	0.18
632.39	0.18
632.48	0.18
632.57	0.18
632.66	0.18
632.75	0.18
632.84	0.18
632.93	0.18
633.02	0.18
633.11	0.18
633.2	0.17
633.28	0.17
633.37	0.18
633.46	0.18
633.55	0.18
633.64	0.18
633.73	0.18
633.82	0.18
633.91	0.18
634	0.18
634.09	0.18
634.18	0.18
634.27	0.18
634.36	0.18
634.45	0.18
634.54	0.18
634.63	0.18
634.72	0.17
634.8	0.17
634.89	0.18
634.98	0.18
635.07	0.18
635.16	0.18
635.25	0.18
635.34	0.18
635.43	0.18
635.52	0.18
635.61	0.18
635.7	0.18
635.79	0.18
635.88	0.18
635.97	0.18
636.06	0.17
636.14	0.17
636.23	0.18
636.32	0.18
636.41	0.18
636.5	0.18
636.59	0.18
636.68	0.18
636.77	0.18
636.86	0.18
636.95	0.18
637.04	0.18
637.13	0.18
637.22	0.18
637.31	0.18
637.4	0.17
637.48	0.17
637.57	0.18
637.66	0.18
637.75	0.18
637.84	0.18
637.93	0.18
638.02	0.18
638.11	0.18
638.2	0.18
638.29	0.18
638.38	0.18
638.47	0.18
638.56	0.17
638.64	0.17
638.73	0.18
638.82	0.18
638.91	0.18
639	0.18
639.09	0.18
639.18	0.18
639.27	0.18
639.36	0.18
639.45	0.18
639.54	0.18
639.63	0.17
639.71	0.17
639.8	0.18
639.89	0.18
639.98	0.18
640.07	0.18
640.16	0.18
640.25	0.18
640.34	0.18
640.43	0.18
640.52	0.18
640.61	0.17
640.69	0.17
640.78	0.18
640.87	0.18
640.96	0.18
641.05	0.18
641.14	0.18
641.23	0.18
641.32	0.18
641.41	0.18
641.5	0.17
641.58	0.17
641.67	0.18
641.76	0.18
641.85	0.18
641.94	0.18
642.03	0.18
642.12	0.18
642.21	0.18
642.3	0.18
642.39	0.17
642.47	0.17
642.56	0.18
642.65	0.18
642.74	0.18
642.83	0.18
642.92	0.18
643.01	0.18
643.1	0.18
643.19	0.17
643.27	0.17
643.36	0.18
643.45	0.18
643.54	0.18
643.63	0.18
643.72	0.18
643.81	0.18
643.9	0.18
643.99	0.17
644.07	0.17
644.16	0.18
644.25	0.18
644.34	0.18
644.43	0.18
644.52	0.18
644.61	0.18
644.7	0.17
644.78	0.17
644.87	0.18
644.96	0.18
645.05	0.18
645.14	0.18
645.23	0.18
645.32	0.18
645.41	0.17
645.49	0.17
645.58	0.18
645.67	0.18
645.76	0.18
645.85	0.18
645.94	0.18
646.03	0.17
646.11	0.17
646.2	0.18
646.29	0.18
646.38	0.18
646.47	0.18
646.56	0.18
646.65	0.17
646.73	0.17
646.82	0.18
646.91	0.18
647	0.18
647.09	0.18
647.18	0.18
647.27	0.17
647.35	0.17
647.44	0.18
647.53	0.18
647.62	0.18
647.71	0.18
647.8	0.18
647.89	0.17
647.97	0.17
648.06	0.18
648.15	0.18
648.24	0.18
648.33	0.18
648.42	0.17
648.5	0.17
648.59	0.18
648.68	0.18
648.77	0.18
648.86	0.18
648.95	0.17
649.03	0.17
649.12	0.18
649.21	0.18
649.3	0.18
649.39	0.18
649.48	0.17
649.56	0.17
649.65	0.18
649.74	0.18
649.83	0.18
649.92	0.17
650	0.17
650.09	0.18
650.18	0.18
650.27	0.18
650.36	0.18
650.45	0.17
650.53	0.17
650.62	0.18
650.71	0.18
650.8	0.18
650.89	0.17
650.97	0.17
651.06	0.18
651.15	0.18
651.24	0.18
651.33	0.17
651.41	0.17
651.5	0.18
651.59	0.18
651.68	0.18
651.77	0.17
651.85	0.17
651.94	0.18
652.03	0.18
652.12	0.18
652.21	0.17
652.29	0.17
652.38	0.18
652.47	0.18
652.56	0.18
652.65	0.17
652.73	0.17
652.82	0.18
652.91	0.18
653	0.17
653.08	0.17
653.17	0.18
653.26	0.18
653.35	0.18
653.44	0.17
653.52	0.17
653.61	0.18
653.7	0.18
653.79	0.17
653.87	0.17
653.96	0.18
654.05	0.18
654.14	0.18
654.23	0.17
654.31	0.17
654.4	0.18
654.49	0.18
654.58	0.17
654.66	0.17
654.75	0.18
654.84	0.18
654.93	0.17
655.01	0.17
655.1	0.18
655.19	0.18
655.28	0.17
655.36	0.17
655.45	0.18
655.54	0.18
655.63	0.17
655.71	0.17
655.8	0.18
655.89	0.18
655.98	0.17
656.06	0.17
656.15	0.18
656.24	0.18
656.33	0.17
656.41	0.17
656.5	0.18
656.59	0.17
656.67	0.17
656.76	0.18
656.85	0.18
656.94	0.17
657.02	0.17
657.11	0.18
657.2	0.17
657.28	0.17
657.37	0.18
657.46	0.18
657.55	0.17
657.63	0.17
657.72	0.18
657.81	0.17
657.89	0.17
657.98	0.18
658.07	0.18
658.16	0.17
658.24	0.17
658.33	0.18
658.42	0.17
658.5	0.17
658.59	0.18
658.68	0.18
658.77	0.17
658.85	0.17
658.94	0.18
659.03	0.17
659.11	0.17
659.2	0.18
659.29	0.17
659.37	0.17
659.46	0.18
659.55	0.17
659.63	0.17
659.72	0.18
659.81	0.17
659.89	0.17
659.98	0.18
660.07	0.17
660.15	0.17
660.24	0.18
660.33	0.17
660.41	0.17
660.5	0.18
660.59	0.17
660.67	0.17
660.76	0.18
660.85	0.17
660.93	0.17
661.02	0.18
661.11	0.17
661.19	0.17
661.28	0.18
661.37	0.17
661.45	0.17
661.54	0.18
661.63	0.17
661.71	0.17
661.8	0.18
661.89	0.17
661.97	0.17
662.06	0.17
662.14	0.17
662.23	0.18
662.32	0.17
662.4	0.17
662.49	0.18
662.58	0.17
662.66	0.17
662.75	0.17
662.83	0.17
662.92	0.18
663.01	0.17
663.09	0.17
663.18	0.18
663.27	0.17
663.35	0.17
663.44	0.17
663.52	0.17
663.61	0.18
663.7	0.17
663.78	0.17
663.87	0.17
663.95	0.17
664.04	0.18
664.13	0.17
664.21	0.17
664.3	0.17
664.38	0.17
664.47	0.18
664.56	0.17
664.64	0.17
664.73	0.17
664.81	0.17
664.9	0.17
664.98	0.17
665.07	0.18
665.16	0.17
665.24	0.17
665.33	0.17
665.41	0.17
665.5	0.17
665.58	0.17
665.67	0.18
665.76	0.17
665.84	0.17
665.93	0.17
666.01	0.17
666.1	0.17
666.18	0.17
666.27	0.17
666.35	0.17
666.44	0.18
666.53	0.17
666.61	0.17
666.7	0.17
666.78	0.17
666.87	0.17
666.95	0.17
667.04	0.17
667.12	0.17
667.21	0.17
667.29	0.17
667.38	0.17
667.46	0.17
667.55	0.18
667.64	0.17
667.72	0.17
667.81	0.17
667.89	0.17
667.98	0.17
668.06	0.17
668.15	0.17
668.23	0.17
668.32	0.17
668.4	0.17
668.49	0.17
668.57	0.17
668.66	0.17
668.74	0.17
668.83	0.17
668.91	0.17
669	0.17
669.08	0.17
669.17	0.17
669.25	0.17
669.34	0.17
669.42	0.17
669.51	0.17
669.59	0.16
669.67	0.17
669.76	0.17
669.84	0.17
669.93	0.17
670.01	0.17
670.1	0.17
670.18	0.17
670.27	0.17
670.35	0.17
670.44	0.17
670.52	0.17
670.61	0.17
670.69	0.16
670.77	0.17
670.86	0.17
670.94	0.17
671.03	0.17
671.11	0.17
671.2	0.17
671.28	0.17
671.37	0.17
671.45	0.16
671.53	0.17
671.62	0.17
671.7	0.17
671.79	0.17
671.87	0.17
671.96	0.17
672.04	0.16
672.12	0.17
672.21	0.17
672.29	0.17
672.38	0.17
672.46	0.16
672.54	0.17
672.63	0.17
672.71	0.17
672.8	0.17
672.88	0.16
672.96	0.17
673.05	0.17
673.13	0.17
673.22	0.17
673.3	0.16
673.38	0.17
673.47	0.17
673.55	0.17
673.64	0.17
673.72	0.16
673.8	0.17
673.89	0.17
673.97	0.16
674.05	0.17
674.14	0.17
674.22	0.17
674.31	0.17
674.39	0.16
674.47	0.17
674.56	0.17
674.64	0.16
674.72	0.17
674.81	0.17
674.89	0.16
674.97	0.17
675.06	0.17
675.14	0.16
675.22	0.17
675.31	0.17
675.39	0.16
675.47	0.17
675.56	0.17
675.64	0.16
675.72	0.17
675.81	0.17
675.89	0.16
675.97	0.17
676.06	0.17
676.14	0.16
676.22	0.16
676.3	0.17
676.39	0.17
676.47	0.16
676.55	0.17
676.64	0.17
676.72	0.16
676.8	0.17
676.89	0.17
676.97	0.16
677.05	0.16
677.13	0.17
677.22	0.17
677.3	0.16
677.38	0.17
677.47	0.17
677.55	0.16
677.63	0.16
677.71	0.17
677.8	0.17
677.88	0.16
677.96	0.16
678.04	0.17
678.13	0.17
678.21	0.16
678.29	0.16
678.37	0.17
678.46	0.17
678.54	0.16
678.62	0.16
678.7	0.17
678.79	0.17
678.87	0.16
678.95	0.16
679.03	0.17
679.12	0.17
679.2	0.16
679.28	0.16
679.36	0.16
679.44	0.17
679.53	0.17
679.61	0.16
679.69	0.16
679.77	0.16
679.85	0.17
679.94	0.17
680.02	0.16
680.1	0.16
680.18	0.16
680.26	0.17
680.35	0.17
680.43	0.16
680.51	0.16
680.59	0.16
680.67	0.17
680.76	0.17
680.84	0.16
680.92	0.16
681	0.16
681.08	0.16
681.16	0.17
681.25	0.17
681.33	0.16
681.41	0.16
681.49	0.16
681.57	0.16
681.65	0.16
681.73	0.17
681.82	0.17
681.9	0.16
681.98	0.16
682.06	0.16
682.14	0.16
682.22	0.16
682.3	0.16
682.38	0.17
682.47	0.17
682.55	0.16
682.63	0.16
682.71	0.16
682.79	0.16
682.87	0.16
682.95	0.16
683.03	0.16
683.11	0.17
683.2	0.17
683.28	0.16
683.36	0.16
683.44	0.16
683.52	0.16
683.6	0.16
683.68	0.16
683.76	0.16
683.84	0.16
683.92	0.16
684	0.16
684.08	0.17
684.17	0.17
684.25	0.16
684.33	0.16
684.41	0.16
684.49	0.16
684.57	0.16
684.65	0.16
684.73	0.16
684.81	0.16
684.89	0.16
684.97	0.16
685.05	0.16
685.13	0.16
685.21	0.16
685.29	0.16
685.37	0.16
685.45	0.16
685.53	0.16
685.61	0.16
685.69	0.16
685.77	0.16
685.85	0.16
685.93	0.16
686.01	0.16
686.09	0.16
686.17	0.16
686.25	0.16
686.33	0.16
686.41	0.16
686.49	0.16
686.57	0.16
686.65	0.16
686.73	0.16
686.81	0.16
686.89	0.16
686.97	0.16
687.05	0.16
687.13	0.16
687.21	0.16
687.29	0.16
687.37	0.16
687.45	0.16
687.53	0.16
687.61	0.16
687.69	0.16
687.77	0.16
687.85	0.16
687.93	0.15
688	0.15
688.08	0.16
688.16	0.16
688.24	0.16
688.32	0.16
688.4	0.16
688.48	0.16
688.56	0.16
688.64	0.16
688.72	0.16
688.8	0.15
688.87	0.15
688.95	0.16
689.03	0.16
689.11	0.16
689.19	0.16
689.27	0.16
689.35	0.16
689.43	0.16
689.51	0.15
689.58	0.15
689.66	0.16
689.74	0.16
689.82	0.16
689.9	0.16
689.98	0.16
690.06	0.15
690.13	0.15
690.21	0.16
690.29	0.16
690.37	0.16
690.45	0.16
690.53	0.16
690.61	0.15
690.68	0.15
690.76	0.16
690.84	0.16
690.92	0.16
691	0.15
691.07	0.15
691.15	0.16
691.23	0.16
691.31	0.16
691.39	0.15
691.46	0.15
691.54	0.16
691.62	0.16
691.7	0.16
691.78	0.15
691.85	0.15
691.93	0.16
692.01	0.16
692.09	0.16
692.17	0.15
692.24	0.15
692.32	0.16
692.4	0.16
692.48	0.15
692.55	0.15
692.63	0.16
692.71	0.16
692.79	0.15
692.86	0.15
692.94	0.16
693.02	0.16
693.1	0.15
693.17	0.15
693.25	0.16
693.33	0.15
693.4	0.15
693.48	0.16
693.56	0.16
693.64	0.15
693.71	0.15
693.79	0.16
693.87	0.15
693.94	0.15
694.02	0.16
694.1	0.15
694.17	0.15
694.25	0.16
694.33	0.16
694.41	0.15
694.48	0.15
694.56	0.16
694.64	0.15
694.71	0.15
694.79	0.16
694.87	0.15
694.94	0.15
695.02	0.15
695.09	0.15
695.17	0.16
695.25	0.15
695.32	0.15
695.4	0.16
695.48	0.15
695.55	0.15
695.63	0.16
695.71	0.15
695.78	0.15
695.86	0.15
695.93	0.15
696.01	0.16
696.09	0.15
696.16	0.15
696.24	0.15
696.31	0.15
696.39	0.16
696.47	0.15
696.54	0.15
696.62	0.15
696.69	0.15
696.77	0.15
696.84	0.15
696.92	0.16
697	0.15
697.07	0.15
697.15	0.15
697.22	0.15
697.3	0.15
697.37	0.15
697.45	0.15
697.52	0.15
697.6	0.16
697.68	0.15
697.75	0.15
697.83	0.15
697.9	0.15
697.98	0.15
698.05	0.15
698.13	0.15
698.2	0.15
698.28	0.15
698.35	0.15
698.43	0.15
698.5	0.15
698.58	0.15
698.65	0.15
698.73	0.15
698.8	0.15
698.88	0.15
698.95	0.15
699.03	0.15
699.1	0.15
699.18	0.15
699.25	0.14
699.32	0.15
699.4	0.15
699.47	0.15
699.55	0.15
699.62	0.15
699.7	0.15
699.77	0.15
699.85	0.15
699.92	0.14
699.99	0.15
700.07	0.15
700.14	0.15
700.22	0.15
700.29	0.14
700.36	0.15
700.44	0.15
700.51	0.15
700.59	0.15
700.66	0.14
700.73	0.15
700.81	0.15
700.88	0.15
700.96	0.15
701.03	0.14
701.1	0.15
701.18	0.15
701.25	0.14
701.32	0.15
701.4	0.15
701.47	0.15
701.55	0.15
701.62	0.14
701.69	0.15
701.77	0.15
701.84	0.14
701.91	0.15
701.99	0.15
702.06	0.14
702.13	0.15
702.21	0.15
702.28	0.14
702.35	0.14
702.42	0.15
702.5	0.15
702.57	0.14
702.64	0.15
702.72	0.15
702.79	0.14
702.86	0.15
702.94	0.15
703.01	0.14
703.08	0.14
703.15	0.15
703.23	0.15
703.3	0.14
703.37	0.14
703.44	0.15
703.52	0.15
703.59	0.14
703.66	0.14
703.73	0.15
703.81	0.15
703.88	0.14
703.95	0.14
704.02	0.15
704.1	0.15
704.17	0.14
704.24	0.14
704.31	0.14
704.38	0.15
704.46	0.15
704.53	0.14
704.6	0.14
704.67	0.14
704.74	0.15
704.82	0.15
704.89	0.14
704.96	0.14
705.03	0.14
705.1	0.14
705.17	0.15
705.25	0.15
705.32	0.14
705.39	0.14
705.46	0.14
705.53	0.14
705.6	0.14
705.67	0.15
705.75	0.15
705.82	0.14
705.89	0.14
705.96	0.14
706.03	0.14
706.1	0.14
706.17	0.14
706.24	0.14
706.31	0.15
706.39	0.15
706.46	0.14
706.53	0.14
706.6	0.14
706.67	0.14
706.74	0.14
706.81	0.14
706.88	0.14
706.95	0.14
707.02	0.14
707.09	0.14
707.16	0.14
707.23	0.14
707.3	0.15
707.38	0.15
707.45	0.14
707.52	0.14
707.59	0.14
707.66	0.14
707.73	0.14
707.8	0.14
707.87	0.14
707.94	0.14
708.01	0.14
708.08	0.14
708.15	0.14
708.22	0.14
708.29	0.14
708.36	0.14
708.43	0.14
708.5	0.14
708.57	0.14
708.64	0.14
708.71	0.14
708.78	0.14
708.85	0.13
708.91	0.13
708.98	0.14
709.05	0.14
709.12	0.14
709.19	0.14
709.26	0.14
709.33	0.14
709.4	0.14
709.47	0.14
709.54	0.14
709.61	0.14
709.68	0.14
709.75	0.13
709.81	0.13
709.88	0.14
709.95	0.14
710.02	0.14
710.09	0.14
710.16	0.14
710.23	0.14
710.3	0.14
710.37	0.13
710.43	0.13
710.5	0.14
710.57	0.14
710.64	0.14
710.71	0.14
710.78	0.14
710.85	0.13
710.91	0.13
710.98	0.14
711.05	0.14
711.12	0.14
711.19	0.13
711.25	0.13
711.32	0.14
711.39	0.14
711.46	0.14
711.53	0.13
711.59	0.13
711.66	0.14
711.73	0.14
711.8	0.14
711.87	0.13
711.93	0.13
712	0.14
712.07	0.14
712.14	0.13
712.2	-0.25
711.89	-0.2
712	0.21
712.1	0.21
712.21	0.21
712.31	0.21
712.42	0.21
712.52	0.21
712.63	0.21
712.73	0.21
712.84	0.21
712.94	0.21
713.05	0.21
713.15	0.2
713.25	0.21
713.36	0.21
713.46	0.21
713.57	0.21
713.67	0.21
713.78	0.21
713.88	0.21
713.99	0.21
714.09	0.21
714.2	0.21
714.3	0.21
714.41	0.21
714.51	0.21
714.62	0.21
714.72	0.21
714.83	0.21
714.93	0.21
715.04	0.21
715.14	0.21
715.25	0.21
715.35	0.21
715.46	0.21
715.56	0.21
715.67	0.21
715.77	0.21
715.88	0.21
715.98	0.21
716.09	0.21
716.19	0.21
716.3	0.21
716.4	0.21
716.51	0.21
716.61	0.21
716.72	0.21
716.82	0.21
716.93	0.21
717.03	0.21
717.14	0.21
717.24	0.21
717.35	0.21
717.45	0.21
717.56	0.21
717.66	0.21
717.77	0.21
717.87	0.21
717.98	0.21
718.08	0.21
718.19	0.21
718.29	0.21
718.4	0.21
718.5	0.21
718.61	0.21
718.71	0.21
718.82	0.21
718.92	0.21
719.03	0.21
719.13	0.21
719.24	0.21
719.34	0.21
719.45	0.21
719.55	0.21
719.66	0.21
719.76	0.21
719.87	0.21
719.97	0.21
720.08	0.21
720.18	0.21
720.29	0.21
720.39	0.21
720.5	0.21
720.6	0.21
720.71	0.22
720.82	0.21
720.92	0.21
721.03	0.21
721.13	0.21
721.24	0.21
721.34	0.21
721.45	0.21
721.55	0.21
721.66	0.21
721.76	0.21
721.87	0.21
721.97	0.21
722.08	0.21
722.18	0.21
722.29	0.21
722.39	0.21
722.5	0.21
722.6	0.21
722.71	0.21
722.81	0.21
722.92	0.22
723.03	0.21
723.13	0.21
723.24	0.21
723.34	0.21
723.45	0.21
723.55	0.21
723.66	0.21
723.76	0.21
723.87	0.21
723.97	0.21
724.08	0.21
724.18	0.21
724.29	0.21
724.39	0.21
724.5	0.21
724.6	0.21
724.71	0.22
724.82	0.21
724.92	0.21
725.03	0.21
725.13	0.21
725.24	0.21
725.34	0.21
725.45	0.21
725.55	0.21
725.66	0.21
725.76	0.21
725.87	0.21
725.97	0.21
726.08	0.21
726.18	0.21
726.29	0.22
726.4	0.21
726.5	0.21
726.61	0.21
726.71	0.21
726.82	0.21
726.92	0.21
727.03	0.21
727.13	0.21
727.24	0.21
727.34	0.21
727.45	0.21
727.55	0.21
727.66	0.22
727.77	0.21
727.87	0.21
727.98	0.21
728.08	0.21
728.19	0.21
728.29	0.21
728.4	0.21
728.5	0.21
728.61	0.21
728.71	0.21
728.82	0.21
728.92	0.21
729.03	0.22
729.14	0.21
729.24	0.21
729.35	0.21
729.45	0.21
729.56	0.21
729.66	0.21
729.77	0.21
729.87	0.21
729.98	0.21
730.08	0.21
730.19	0.21
730.29	0.21
730.4	0.22
730.51	0.21
730.61	0.21
730.72	0.21
730.82	0.21
730.93	0.21
731.03	0.21
731.14	0.21
731.24	0.21
731.35	0.21
731.45	0.21
731.56	0.21
731.66	0.21
731.77	0.22
731.88	0.21
731.98	0.21
732.09	0.21
732.19	0.21
732.3	0.21
732.4	0.21
732.51	0.21
732.61	0.21
732.72	0.21
732.82	0.21
732.93	0.21
733.03	0.21
733.14	0.22
733.25	0.21
733.35	0.21
733.46	0.21
733.56	0.21
733.67	0.21
733.77	0.21
733.88	0.21
733.98	0.21
734.09	0.21
734.19	0.21
734.3	0.21
734.4	0.21
734.51	0.22
734.62	0.21
734.72	0.21
734.83	0.21
734.93	0.21
735.04	0.21
735.14	0.21
735.25	0.21
735.35	0.21
735.46	0.21
735.56	0.21
735.67	0.21
735.77	0.21
735.88	0.21
735.98	0.21
736.09	0.22
736.2	0.21
736.3	0.21
736.41	0.21
736.51	0.21
736.62	0.21
736.72	0.21
736.83	0.21
736.93	0.21
737.04	0.21
737.14	0.21
737.25	0.21
737.35	0.21
737.46	0.21
737.56	0.21
737.67	0.21
737.77	0.21
737.88	0.22
737.99	0.21
738.09	0.21
738.2	0.21
738.3	0.21
738.41	0.21
738.51	0.21
738.62	0.21
738.72	0.21
738.83	0.21
738.93	0.21
739.04	0.21
739.14	0.21
739.25	0.21
739.35	0.21
739.46	0.21
739.56	0.21
739.67	0.21
739.77	0.21
739.88	0.22
739.99	0.21
740.09	0.21
740.2	0.21
740.3	0.21
740.41	0.21
740.51	0.21
740.62	0.21
740.72	0.21
740.83	0.21
740.93	0.21
741.04	0.21
741.14	0.21
741.25	0.21
741.35	0.21
741.46	0.21
741.56	0.21
741.67	0.21
741.77	0.21
741.88	0.21
741.98	0.21
742.09	0.21
742.19	0.21
742.3	0.21
742.4	0.21
742.51	0.21
742.61	0.21
742.72	0.21
742.82	0.21
742.93	0.21
743.03	0.21
743.14	0.21
743.24	0.21
743.35	0.21
743.45	0.21
743.56	0.21
743.66	0.21
743.77	0.21
743.87	0.21
743.98	0.21
744.08	0.21
744.19	0.21
744.29	0.21
744.4	0.21
744.5	0.21
744.61	0.21
744.71	0.21
744.82	0.21
744.92	0.21
745.03	0.21
745.13	0.21
745.24	0.21
745.34	0.21
745.45	0.21
745.55	0.21
745.66	0.21
745.76	0.21
745.87	0.21
745.97	0.21
746.08	0.21
746.18	0.21
746.29	0.21
746.39	0.21
746.5	0.21
746.6	0.21
746.71	0.21
746.81	0.21
746.92	0.21
747.02	0.21
747.13	0.21
747.23	0.21
747.34	0.21
747.44	0.21
747.55	0.21
747.65	0.21
747.76	0.21
747.86	0.21
747.97	0.21
748.07	0.21
748.18	0.21
748.28	0.2
748.38	0.21
748.49	0.21
748.59	0.21
748.7	0.21
748.8	0.21
748.91	0.21
749.01	0.21
749.12	0.21
749.22	0.21
749.33	0.21
749.43	0.21
749.54	0.21
749.64	0.21
749.75	0.21
749.85	0.21
749.96	0.21
750.06	0.2
750.16	0.21
750.27	0.21
750.37	0.21
750.48	0.21
750.58	0.21
750.69	0.21
750.79	0.21
750.9	0.21
751	0.21
751.11	0.21
751.21	0.2
751.31	0.21
751.42	0.21
751.52	0.21
751.63	0.21
751.73	0.21
751.84	0.21
751.94	0.21
752.05	0.21
752.15	0.2
752.25	0.21
752.36	0.21
752.46	0.21
752.57	0.21
752.67	0.21
752.78	0.21
752.88	0.21
752.99	0.21
753.09	0.2
753.19	0.21
753.3	0.21
753.4	0.21
753.51	0.21
753.61	0.21
753.72	0.21
753.82	0.2
753.92	0.21
754.03	0.21
754.13	0.21
754.24	0.21
754.34	0.21
754.45	0.21
754.55	0.2
754.65	0.21
754.76	0.21
754.86	0.21
754.97	0.21
755.07	0.2
755.17	0.21
755.28	0.21
755.38	0.21
755.49	0.21
755.59	0.21
755.7	0.21
755.8	0.2
755.9	0.21
756.01	0.21
756.11	0.21
756.22	0.21
756.32	0.2
756.42	0.21
756.53	0.21
756.63	0.21
756.74	0.21
756.84	0.2
756.94	0.21
757.05	0.21
757.15	0.21
757.26	0.21
757.36	0.2
757.46	0.21
757.57	0.21
757.67	0.21
757.78	0.21
757.88	0.2
757.98	0.21
758.09	0.21
758.19	0.2
758.29	0.21
758.4	0.21
758.5	0.21
758.61	0.21
758.71	0.2
758.81	0.21
758.92	0.21
759.02	0.2
759.12	0.21
759.23	0.21
759.33	0.21
759.44	0.21
759.54	0.2
759.64	0.21
759.75	0.21
759.85	0.2
759.95	0.21
760.06	0.21
760.16	0.2
760.26	0.21
760.37	0.21
760.47	0.21
760.58	0.21
760.68	0.2
760.78	0.21
760.89	0.21
760.99	0.2
761.09	0.21
761.2	0.21
761.3	0.2
761.4	0.21
761.51	0.21
761.61	0.2
761.71	0.21
761.82	0.21
761.92	0.2
762.02	0.21
762.13	0.21
762.23	0.2
762.33	0.21
762.44	0.21
762.54	0.2
762.64	0.21
762.75	0.21
762.85	0.2
762.95	0.21
763.06	0.21
763.16	0.2
763.26	0.21
763.37	0.21
763.47	0.2
763.57	0.21
763.68	0.21
763.78	0.2
763.88	0.2
763.98	0.21
764.09	0.21
764.19	0.2
764.29	0.21
764.4	0.21
764.5	0.2
764.6	0.21
764.71	0.21
764.81	0.2
764.91	0.2
765.01	0.21
765.12	0.21
765.22	0.2
765.32	0.21
765.43	0.21
765.53	0.2
765.63	0.2
765.73	0.21
765.84	0.21
765.94	0.2
766.04	0.21
766.15	0.21
766.25	0.2
766.35	0.2
766.45	0.21
766.56	0.21
766.66	0.2
766.76	0.21
766.87	0.21
766.97	0.2
767.07	0.2
767.17	0.21
767.28	0.21
767.38	0.2
767.48	0.2
767.58	0.21
767.69	0.21
767.79	0.2
767.89	0.2
767.99	0.21
768.1	0.21
768.2	0.2
768.3	0.2
768.4	0.21
768.51	0.21
768.61	0.2
768.71	0.2
768.81	0.21
768.92	0.21
769.02	0.2
769.12	0.2
769.22	0.2
769.32	0.21
769.43	0.21
769.53	0.2
769.63	0.2
769.73	0.21
769.84	0.21
769.94	0.2
770.04	0.2
770.14	0.2
770.24	0.21
770.35	0.21
770.45	0.2
770.55	0.2
770.65	0.2
770.75	0.21
770.86	0.21
770.96	0.2
771.06	0.2
771.16	0.2
771.26	0.21
771.37	0.21
771.47	0.2
771.57	0.2
771.67	0.2
771.77	0.21
771.88	0.21
771.98	0.2
772.08	0.2
772.18	0.2
772.28	0.2
772.38	0.21
772.49	0.21
772.59	0.2
772.69	0.2
772.79	0.2
772.89	0.21
773	0.21
773.1	0.2
773.2	0.2
773.3	0.2
773.4	0.2
773.5	0.2
773.6	0.21
773.71	0.21
773.81	0.2
773.91	0.2
774.01	0.2
774.11	0.2
774.21	0.2
774.31	0.21
774.42	0.21
774.52	0.2
774.62	0.2
774.72	0.2
774.82	0.2
774.92	0.2
775.02	0.21
775.13	0.21
775.23	0.2
775.33	0.2
775.43	0.2
775.53	0.2
775.63	0.2
775.73	0.2
775.83	0.2
775.93	0.21
776.04	0.21
776.14	0.2
776.24	0.2
776.34	0.2
776.44	0.2
776.54	0.2
776.64	0.2
776.74	0.2
776.84	0.2
776.94	0.21
777.05	0.21
777.15	0.2
777.25	0.2
777.35	0.2
777.45	0.2
777.55	0.2
777.65	0.2
777.75	0.2
777.85	0.2
777.95	0.2
778.05	0.2
778.15	0.2
778.25	0.21
778.36	0.21
778.46	0.2
778.56	0.2
778.66	0.2
778.76	0.2
778.86	0.2
778.96	0.2
779.06	0.2
779.16	0.2
779.26	0.2
779.36	0.2
779.46	0.2
779.56	0.2
779.66	0.2
779.76	0.2
779.86	0.2
779.96	0.2
780.06	0.2
780.16	0.2
780.26	0.2
780.36	0.2
780.46	0.2
780.56	0.2
780.66	0.2
780.76	0.2
780.86	0.2
780.96	0.2
781.06	0.2
781.16	0.2
781.26	0.2
781.36	0.2
781.46	0.2
781.56	0.2
781.66	0.2
781.76	0.2
781.86	0.2
781.96	0.2
782.06	0.2
782.16	0.2
782.26	0.2
782.36	0.2
782.46	0.2
782.56	0.2
782.66	0.2
782.76	0.2
782.86	0.2
782.96	0.2
783.06	0.2
783.16	0.2
783.26	0.2
783.36	0.2
783.46	0.2
783.56	0.2
783.66	0.2
783.76	0.2
783.86	0.2
783.96	0.19
784.05	0.19
784.15	0.2
784.25	0.2
784.35	0.2
784.45	0.2
784.55	0.2
784.65	0.2
784.75	0.2
784.85	0.2
784.95	0.2
785.05	0.2
785.15	0.2
785.25	0.19
785.34	0.19
785.44	0.2
785.54	0.2
785.64	0.2
785.74	0.2
785.84	0.2
785.94	0.2
786.04	0.2
786.14	0.19
786.23	0.19
786.33	0.2
786.43	0.2
786.53	0.2
786.63	0.2
786.73	0.2
786.83	0.2
786.93	0.19
787.02	0.19
787.12	0.2
787.22	0.2
787.32	0.2
787.42	0.2
787.52	0.2
787.62	0.19
787.71	0.19
787.81	0.2
787.91	0.2
788.01	0.2
788.11	0.2
788.21	0.19
788.3	0.19
788.4	0.2
788.5	0.2
788.6	0.2
788.7	0.2
788.8	0.19
788.89	0.19
788.99	0.2
789.09	0.2
789.19	0.2
789.29	0.19
789.38	0.19
789.48	0.2
789.58	0.2
789.68	0.2
789.78	0.19
789.87	0.19
789.97	0.2
790.07	0.2
790.17	0.2
790.27	0.19
790.36	0.19
790.46	0.2
790.56	0.2
790.66	0.19
790.75	0.19
790.85	0.2
790.95	0.2
791.05	0.19
791.14	0.19
791.24	0.2
791.34	0.2
791.44	0.19
791.53	0.19
791.63	0.2
791.73	0.2
791.83	0.19
791.92	0.19
792.02	0.2
792.12	0.2
792.22	0.19
792.31	0.19
792.41	0.2
792.51	0.19
792.6	0.19
792.7	0.2
792.8	0.2
792.9	0.19
792.99	0.19
793.09	0.2
793.19	0.19
793.28	0.19
793.38	0.2
793.48	0.19
793.57	0.19
793.67	0.2
793.77	0.2
793.87	0.19
793.96	0.19
794.06	0.2
794.16	0.19
794.25	0.19
794.35	0.2
794.45	0.19
794.54	0.19
794.64	0.2
794.74	0.19
794.83	0.19
794.93	0.19
795.02	0.19
795.12	0.2
795.22	0.19
795.31	0.19
795.41	0.2
795.51	0.19
795.6	0.19
795.7	0.2
795.8	0.19
795.89	0.19
795.99	0.19
796.08	0.19
796.18	0.2
796.28	0.19
796.37	0.19
796.47	0.19
796.56	0.19
796.66	0.2
796.76	0.19
796.85	0.19
796.95	0.19
797.04	0.19
797.14	0.2
797.24	0.19
797.33	0.19
797.43	0.19
797.52	0.19
797.62	0.19
797.71	0.19
797.81	0.2
797.91	0.19
798	0.19
798.1	0.19
798.19	0.19
798.29	0.19
798.38	0.19
798.48	0.19
798.57	0.19
798.67	0.19
798.76	0.19
798.86	0.19
798.95	0.19
799.05	0.2
799.15	0.19
799.24	0.19
799.34	0.19
799.43	0.19
799.53	0.19
799.62	0.19
799.72	0.19
799.81	0.19
799.91	0.19
800	0.19
800.1	0.19
800.19	0.19
800.29	0.19
800.38	0.18
800.47	0.19
800.57	0.19
800.66	0.19
800.76	0.19
800.85	0.19
800.95	0.19
801.04	0.19
801.14	0.19
801.23	0.19
801.33	0.19
801.42	0.19
801.52	0.19
801.61	0.18
801.7	0.19
801.8	0.19
801.89	0.19
801.99	0.19
802.08	0.19
802.18	0.19
802.27	0.18
802.36	0.19
802.46	0.19
802.55	0.19
802.65	0.19
802.74	0.18
802.83	0.19
802.93	0.19
803.02	0.19
803.12	0.19
803.21	0.18
803.3	0.19
803.4	0.19
803.49	0.18
803.58	0.19
803.68	0.19
803.77	0.19
803.87	0.19
803.96	0.18
804.05	0.19
804.15	0.19
804.24	0.18
804.33	0.19
804.43	0.19
804.52	0.18
804.61	0.19
804.71	0.19
804.8	0.18
804.89	0.19
804.99	0.19
805.08	0.18
805.17	0.19
805.27	0.19
805.36	0.18
805.45	0.19
805.55	0.19
805.64	0.18
805.73	0.18
805.82	0.19
805.92	0.19
806.01	0.18
806.1	0.19
806.2	0.19
806.29	0.18
806.38	0.18
806.47	0.19
806.57	0.19
806.66	0.18
806.75	0.18
806.84	0.19
806.94	0.19
807.03	0.18
807.12	0.18
807.21	0.19
807.31	0.19
807.4	0.18
807.49	0.18
807.58	0.19
807.68	0.19
807.77	0.18
807.86	0.18
807.95	0.18
808.04	0.19
808.14	0.19
808.23	0.18
808.32	0.18
808.41	0.18
808.5	0.19
808.6	0.19
808.69	0.18
808.78	0.18
808.87	0.18
808.96	0.19
809.06	0.19
809.15	0.18
809.24	0.18
809.33	0.18
809.42	0.18
809.51	0.19
809.61	0.19
809.7	0.18
809.79	0.18
809.88	0.18
809.97	0.18
810.06	0.18
810.15	0.19
810.25	0.19
810.34	0.18
810.43	0.18
810.52	0.18
810.61	0.18
810.7	0.18
810.79	0.18
810.88	0.18
810.97	0.19
811.07	0.19
811.16	0.18
811.25	0.18
811.34	0.18
811.43	0.18
811.52	0.18
811.61	0.18
811.7	0.18
811.79	0.18
811.88	0.18
811.97	0.18
812.06	0.18
812.15	0.18
812.24	0.18
812.33	0.19
812.43	0.19
812.52	0.18
812.61	0.18
812.7	0.18
812.79	0.18
812.88	0.18
812.97	0.18
813.06	0.18
813.15	0.18
813.24	0.18
813.33	0.18
813.42	0.18
813.51	0.18
813.6	0.18
813.69	0.18
813.78	0.18
813.87	0.18
813.96	0.18
814.05	0.18
814.14	0.18
814.23	0.18
814.32	0.17
814.4	0.17
814.49	0.18
814.58	0.18
814.67	0.18
814.76	0.18
814.85	0.18
814.94	0.18
815.03	0.18
815.12	0.18
815.21	0.18
815.3	0.18
815.39	0.18
815.48	0.18
815.57	0.17
815.65	0.17
815.74	0.18
815.83	0.18
815.92	0.18
816.01	0.18
816.1	0.18
816.19	0.18
816.28	0.18
816.37	0.17
816.45	0.17
816.54	0.18
816.63	0.18
816.72	0.18
816.81	0.18
816.9	0.18
816.99	0.17
817.07	0.17
817.16	0.18
817.25	0.18
817.34	0.18
817.43	0.18
817.52	0.17
817.6	0.17
817.69	0.18
817.78	0.18
817.87	0.18
817.96	0.17
818.04	0.17
818.13	0.18
818.22	0.18
818.31	0.18
818.4	0.17
818.48	0.17
818.57	0.18
818.66	0.18
818.75	0.18
818.84	0.17
818.92	0.17
819.01	0.18
819.1	0.18
819.19	0.17
819.27	0.17
819.36	0.18
819.45	0.17
819.53	0.17
819.62	0.18
819.71	0.18
819.8	0.17
819.88	0.17
819.97	0.18
820.06	0.17
820.14	0.17
820.23	0.18
820.32	0.18
820.41	0.17
820.49	0.17
820.58	0.18
820.67	0.17
820.75	0.17
820.84	0.18
820.93	0.17
821.01	0.17
821.1	0.18
821.19	0.17
821.27	0.17
821.36	0.18
821.45	0.17
821.53	0.17
821.62	0.17
821.7	0.17
821.79	0.18
821.88	0.17
821.96	0.17
822.05	0.18
822.14	0.17
822.22	0.17
822.31	0.17
822.39	0.17
822.48	0.18
822.57	0.17
822.65	0.17
822.74	0.17
822.82	0.17
822.91	0.17
822.99	0.17
823.08	0.18
823.17	0.17
823.25	0.17
823.34	0.17
823.42	0.17
823.51	0.17
823.59	0.17
823.68	0.17
823.76	0.17
823.85	0.17
823.93	0.17
824.02	0.17
824.1	0.17
824.19	0.17
824.27	0.17
824.36	0.17
824.44	0.17
824.53	0.17
824.61	0.17
824.7	0.17
824.78	0.17
824.87	0.17
824.95	0.17
825.04	0.17
825.12	0.17
825.21	0.17
825.29	0.17
825.38	0.17
825.46	0.16
825.54	0.17
825.63	0.17
825.71	0.17
825.8	0.17
825.88	0.17
825.97	0.17
826.05	0.16
826.13	0.17
826.22	0.17
826.3	0.17
826.39	0.17
826.47	0.16
826.55	0.17
826.64	0.17
826.72	0.17
826.81	0.17
826.89	0.16
826.97	0.17
827.06	0.17
827.14	0.16
827.22	0.17
827.31	0.17
827.39	0.16
827.47	0.17
827.56	0.17
827.64	0.16
827.72	0.17
827.81	0.17
827.89	0.16
827.97	0.17
828.06	0.17
828.14	0.16
828.22	0.16
828.3	0.17
828.39	0.17
828.47	0.16
828.55	0.17
828.64	0.17
828.72	0.16
828.8	0.16
828.88	0.17
828.97	0.17
829.05	0.16
829.13	0.16
829.21	0.17
829.3	0.17
829.38	0.16
829.46	0.16
829.54	0.17
829.63	0.17
829.71	0.16
829.79	0.16
829.87	0.16
829.95	0.17
830.04	0.17
830.12	0.16
830.2	0.16
830.28	0.16
830.36	0.16
830.44	0.17
830.53	0.17
830.61	0.16
830.69	0.16
830.77	0.16
830.85	0.16
830.93	0.17
831.02	0.17
831.1	0.16
831.18	0.16
831.26	0.16
831.34	0.16
831.42	0.16
831.5	0.16
831.58	0.17
831.67	0.17
831.75	0.16
831.83	0.16
831.91	0.16
831.99	0.16
832.07	0.16
832.15	0.16
832.23	0.16
832.31	0.16
832.39	0.16
832.47	0.16
832.55	0.16
832.63	0.16
832.71	0.17
832.8	0.17
832.88	0.16
832.96	0.16
833.04	0.16
833.12	0.16
833.2	0.16
833.28	0.16
833.36	0.16
833.44	0.16
833.52	0.16
833.6	0.16
833.68	0.16
833.76	0.16
833.84	0.16
833.92	0.16
834	0.15
834.07	0.15
834.15	0.16
834.23	0.16
834.31	0.16
834.39	0.16
834.47	0.16
834.55	0.16
834.63	0.16
834.71	0.16
834.79	0.16
834.87	0.16
834.95	0.16
835.03	0.16
835.11	0.15
835.18	0.15
835.26	0.16
835.34	0.16
835.42	0.16
835.5	0.16
835.58	0.16
835.66	0.16
835.74	0.15
835.81	0.15
835.89	0.16
835.97	0.16
836.05	0.16
836.13	0.16
836.21	0.15
836.28	0.15
836.36	0.16
836.44	0.16
836.52	0.16
836.6	0.15
836.67	0.15
836.75	0.16
836.83	0.16
836.91	0.16
836.99	0.15
837.06	0.15
837.14	0.16
837.22	0.16
837.3	0.15
837.37	0.15
837.45	0.16
837.53	0.16
837.61	0.15
837.68	0.15
837.76	0.16
837.84	0.16
837.92	0.15
837.99	0.15
838.07	0.16
838.15	0.15
838.22	0.15
838.3	0.16
838.38	0.16
838.46	0.15
838.53	0.15
838.61	0.16
838.69	0.15
838.76	0.15
838.84	0.16
838.92	0.15
838.99	0.15
839.07	0.15
839.14	0.15
839.22	0.16
839.3	0.15
839.37	0.15
839.45	0.16
839.53	0.15
839.6	0.15
839.68	0.15
839.75	0.15
839.83	0.16
839.91	0.15
839.98	0.15
840.06	0.15
840.13	0.15
840.21	0.15
840.28	0.15
840.36	0.16
840.44	0.15
840.51	0.15
840.59	0.15
840.66	0.15
840.74	0.15
840.81	0.15
840.89	0.15
840.96	0.15
841.04	0.15
841.11	0.15
841.19	0.15
841.26	0.15
841.34	0.15
841.41	0.15
841.49	0.15
841.56	0.15
841.64	0.15
841.71	0.15
841.79	0.15
841.86	0.14
841.93	0.15
842.01	0.15
842.08	0.15
842.16	0.15
842.23	0.15
842.31	0.15
842.38	0.14
842.45	0.15
842.53	0.15
842.6	0.15
842.68	0.15
842.75	0.14
842.82	0.15
842.9	0.15
842.97	0.15
843.05	0.15
843.12	0.14
843.19	0.15
843.27	0.15
843.34	0.14
843.41	0.15
843.49	0.15
843.56	0.14
843.63	0.15
843.71	0.15
843.78	0.14
843.85	0.15
843.93	0.15
844	0.14
844.07	0.14
844.14	0.15
844.22	0.15
844.29	0.14
844.36	0.14
844.43	0.15
844.51	0.15
844.58	0.14
844.65	0.14
844.72	0.15
844.8	0.15
844.87	0.14
844.94	0.14
845.01	0.15
845.09	0.15
845.16	0.14
845.23	0.14
845.3	0.14
845.37	0.15
845.45	0.15
845.52	0.14
845.59	0.14
845.66	0.14
845.73	0.14
845.8	0.15
845.88	0.15
845.95	0.14
846.02	0.14
846.09	0.14
846.16	0.14
846.23	0.14
846.3	0.15
846.38	0.15
846.45	0.14
846.52	0.14
846.59	0.14
846.66	0.14
846.73	0.14
846.8	0.14
846.87	0.14
846.94	0.14
847.01	0.14
847.08	0.14
847.15	0.15
847.23	0.15
847.3	0.14
847.37	0.14
847.44	0.14
847.51	0.14
847.58	0.14
847.65	0.14
847.72	0.14
847.79	0.14
847.86	0.14
847.93	0.14
848	0.14
848.07	0.14
848.14	0.14
848.21	0.14
848.28	0.14
848.35	0.14
848.42	0.13
848.48	0.13
848.55	0.14
848.62	0.14
848.69	0.14
848.76	0.14
848.83	0.14
848.9	0.14
848.97	0.14
849.04	0.14
849.11	0.14
849.18	0.14
849.25	0.13
849.31	0.13
849.38	0.14
849.45	0.14
849.52	0.14
849.59	0.14
849.66	0.14
849.73	0.13
849.79	0.13
849.86	0.14
849.93	0.14
850	0.14
850.07	0.13
850.13	0.13
850.2	0.14
850.27	0.14
850.34	0.14
850.41	0.13
850.47	0.13
850.54	0.14
850.61	0.14
850.68	0.14
850.75	0.13
850.81	0.13
850.88	0.14
850.95	0.13
851.01	0.13
851.08	0.14
851.15	0.14
851.22	0.13
851.28	0.13
851.35	0.14
851.42	0.13
851.48	0.13
851.55	0.14
851.62	0.13
851.68	0.13
851.75	0.14
851.82	0.13
851.88	0.13
851.95	0.14
852.02	0.13
852.08	0.13
852.15	0.14
852.22	0.13
852.28	0.13
852.35	0.14
852.42	0.13
852.48	0.13
852.55	0.13
852.61	0.13
852.68	0.13
852.74	0.13
852.81	0.13